9.2163 9.21031 9.18183 9.15428 9.12762 9.10179 9.07669 9.05221 9.02821 9.0045 8.98087 8.95707 8.93277 8.9076 8.88109 8.85266 8.82156 8.78692 8.74765 8.69432 8.64518 8.60869 8.58282 8.56611 8.55765 8.55699 8.56411 8.57938 8.60352 8.63758 8.68292 8.74128 8.81469 8.90557 9.01671 9.15128 9.31291 9.50574 9.73444 10.0042 10.3205 10.5 
9.22229 9.20758 9.1791 9.15155 9.12489 9.09906 9.07396 9.04948 9.02548 9.00177 8.97814 8.95434 8.93005 8.90488 8.87836 8.84993 8.81884 8.78419 8.74493 8.69043 8.64128 8.60479 8.57892 8.56222 8.55375 8.55309 8.56021 8.57549 8.59963 8.63368 8.67903 8.73738 8.8108 8.90168 9.01281 9.14738 9.30902 9.50184 9.73054 10.0003 10.3166 10.5 
9.23085 9.21614 9.18767 9.16013 9.13347 9.10763 9.08253 9.05804 9.03403 9.01031 8.98668 8.96289 8.93861 8.91348 8.88705 8.85874 8.82783 8.79342 8.75431 8.69921 8.6502 8.61389 8.58809 8.57135 8.56275 8.5619 8.56878 8.58377 8.60759 8.64128 8.68622 8.74412 8.81701 8.90728 9.0177 9.15142 9.31204 9.50362 9.73085 9.99909 10.3146 10.5 
9.25348 9.23879 9.21034 9.1828 9.15615 9.13031 9.10519 9.08069 9.05666 9.03292 9.00929 8.9855 8.96126 8.93621 8.90992 8.88186 8.85134 8.81746 8.77897 8.72437 8.67606 8.6402 8.61456 8.59773 8.58886 8.58761 8.594 8.60841 8.63158 8.66455 8.70867 8.76564 8.83748 8.92653 9.03552 9.16754 9.3261 9.51519 9.73938 10.0041 10.3159 10.5 
9.29032 9.27565 9.24723 9.21972 9.19307 9.16722 9.14208 9.11755 9.09349 9.06974 9.04608 9.0223 8.99811 8.97317 8.94709 8.91939 8.88945 8.85645 8.8192 8.76631 8.71949 8.68442 8.65901 8.64201 8.63272 8.63084 8.63647 8.65 8.67217 8.70402 8.7469 8.80246 8.87269 8.9599 9.06673 9.19619 9.35167 9.537 9.75652 10.0154 10.32 10.5 
9.34158 9.32694 9.29856 9.27107 9.24443 9.21857 9.19341 9.16885 9.14475 9.12095 9.09728 9.07349 9.04935 9.02454 8.99871 8.97145 8.94225 8.91047 8.87523 8.82597 8.7816 8.74762 8.72246 8.70517 8.69524 8.69249 8.69706 8.70937 8.73018 8.7605 8.80167 8.85532 8.92337 9.00808 9.11201 9.23806 9.38947 9.56982 9.7831 10.0338 10.3275 10.5 
9.40751 9.39291 9.36459 9.33714 9.3105 9.28463 9.25944 9.23483 9.21068 9.18683 9.16312 9.13933 9.11523 9.09055 9.06498 9.03819 9.00981 8.97946 8.94689 8.90522 8.86411 8.83129 8.80625 8.78847 8.77765 8.77373 8.77691 8.78764 8.80668 8.83504 8.87401 8.92519 8.99045 9.07198 9.17226 9.29404 9.4404 9.61465 9.82035 10.0612 10.3405 10.5 
9.48844 9.47389 9.44564 9.41823 9.3916 9.36571 9.34049 9.31583 9.29161 9.2677 9.24393 9.22011 9.19604 9.17147 9.14615 9.11981 9.09221 9.06316 9.03275 8.99507 8.95657 8.92482 8.89986 8.88151 8.86966 8.86434 8.86582 8.87458 8.89136 8.91717 8.95327 9.00121 9.0628 9.14015 9.23565 9.35195 9.49193 9.65868 9.85534 10.0849 10.3498 10.5 
9.58474 9.57026 9.54209 9.51472 9.48811 9.4622 9.43693 9.41221 9.38792 9.36392 9.34008 9.31621 9.29213 9.26764 9.24252 9.21657 9.18962 9.16161 9.1327 9.09724 9.06047 9.02944 9.00437 8.98528 8.97218 8.96521 8.96465 8.97103 8.98506 9.00773 9.04026 9.08416 9.14118 9.21337 9.303 9.41262 9.54498 9.70294 9.88939 10.107 10.3577 10.5 
9.69684 9.68242 9.65435 9.62703 9.60044 9.57452 9.5492 9.5244 9.50001 9.47592 9.45198 9.42804 9.40392 9.37946 9.35448 9.32882 9.30236 9.27507 9.24712 9.21287 9.17707 9.14633 9.12087 9.10081 9.08623 9.0773 9.07436 9.07791 9.08867 9.1076 9.13587 9.17493 9.22649 9.29249 9.37516 9.47694 9.60046 9.74845 9.92363 10.1285 10.3652 10.5 
9.82517 9.81083 9.78287 9.75562 9.72905 9.7031 9.67773 9.65285 9.62836 9.60415 9.58009 9.55603 9.53184 9.50737 9.48245 9.45697 9.43082 9.404 9.37659 9.34289 9.30747 9.27661 9.25047 9.22917 9.21282 9.20163 9.19593 9.19622 9.2032 9.21776 9.24106 9.27447 9.31964 9.37846 9.45306 9.54582 9.65929 9.79613 9.959 10.1504 10.3726 10.5 
9.97023 9.95598 9.92814 9.90096 9.87441 9.84845 9.82302 9.79805 9.77344 9.74909 9.72488 9.70069 9.67638 9.65183 9.6269 9.60149 9.57552 9.54893 9.52176 9.48818 9.4527 9.42137 9.39426 9.37145 9.35306 9.33929 9.33045 9.32702 9.32968 9.33926 9.35686 9.3838 9.42165 9.47224 9.53766 9.62021 9.7224 9.84687 9.99631 10.1733 10.3804 10.5 
10.1325 10.1184 10.0907 10.0636 10.037 10.0111 9.98556 9.96049 9.93575 9.91124 9.88687 9.86251 9.83804 9.81336 9.78835 9.76292 9.73699 9.71048 9.68335 9.64961 9.61375 9.58168 9.55334 9.52878 9.50806 9.49137 9.47901 9.47142 9.46921 9.47319 9.48437 9.504 9.53358 9.57489 9.62996 9.70106 9.79068 9.90149 10.0362 10.1977 10.3886 10.5 
10.3125 10.2985 10.2709 10.2439 10.2174 10.1914 10.1659 10.1407 10.1158 10.0911 10.0666 10.042 10.0173 9.99248 9.96732 9.9418 9.91581 9.88927 9.86207 9.82802 9.7916 9.75859 9.72883 9.70226 9.67895 9.65903 9.64277 9.63056 9.62297 9.62071 9.62472 9.63619 9.65655 9.6875 9.73102 9.78937 9.86506 9.9608 10.0795 10.224 10.3974 10.5 
10.5107 10.4968 10.4694 10.4425 10.4161 10.39 10.3644 10.3391 10.3141 10.2892 10.2645 10.2397 10.2148 10.1897 10.1643 10.1387 10.1126 10.086 10.0586 10.0243 9.98723 9.95317 9.92181 9.89305 9.86687 9.84342 9.82289 9.80564 9.79212 9.783 9.77913 9.78158 9.79173 9.81119 9.84192 9.88616 9.94645 10.0256 10.1266 10.2527 10.407 10.5 
10.7276 10.7139 10.6867 10.6598 10.6334 10.6074 10.5817 10.5563 10.5311 10.5061 10.4811 10.4561 10.4309 10.4055 10.3799 10.354 10.3278 10.3011 10.2738 10.2392 10.2016 10.1665 10.1334 10.1023 10.073 10.0457 10.0206 9.99784 9.9779 9.96131 9.94882 9.94141 9.94033 9.94717 9.9638 9.99248 10.0358 10.0967 10.1783 10.284 10.4175 10.5 
10.9637 10.9501 10.9231 10.8964 10.87 10.8439 10.8182 10.7927 10.7674 10.7421 10.7169 10.6916 10.6662 10.6405 10.6146 10.5884 10.562 10.5353 10.5081 10.4736 10.4357 10.3996 10.3647 10.331 10.2985 10.2671 10.237 10.2084 10.1816 10.1569 10.1351 10.117 10.1037 10.0967 10.0979 10.1095 10.1341 10.1748 10.2351 10.3185 10.4291 10.5 
11.2194 11.206 11.1791 11.1525 11.1261 11.1 11.0742 11.0487 11.0232 10.9978 10.9723 10.9468 10.921 10.895 10.8687 10.8422 10.8156 10.789 10.7621 10.7283 10.6906 10.6536 10.6169 10.5805 10.5444 10.5087 10.4734 10.4385 10.4043 10.3711 10.3392 10.3095 10.283 10.261 10.2453 10.2382 10.2424 10.261 10.2977 10.3566 10.4419 10.5 
11.4951 11.4818 11.4551 11.4285 11.4022 11.3761 11.3503 11.3246 11.299 11.2735 11.2478 11.2219 11.1958 11.1694 11.1427 11.1158 11.089 11.0624 11.0363 11.0044 10.9674 10.9296 10.8909 10.8517 10.8119 10.7716 10.7308 10.6894 10.6475 10.6051 10.5626 10.5206 10.4798 10.4416 10.4076 10.3801 10.3618 10.3561 10.3669 10.3986 10.456 10.5 
11.7912 11.778 11.7514 11.7248 11.6985 11.6724 11.6465 11.6208 11.5951 11.5694 11.5436 11.5174 11.4909 11.4641 11.4369 11.4095 11.3822 11.3556 11.3307 11.3031 11.2674 11.2288 11.188 11.1456 11.102 11.057 11.0105 10.9623 10.9122 10.8603 10.8066 10.7514 10.6955 10.6398 10.586 10.5363 10.4935 10.4611 10.4434 10.4451 10.4716 10.5 
12.1079 12.0949 12.0681 12.0415 12.0151 11.9891 11.9632 11.9375 11.9118 11.886 11.8599 11.8335 11.8067 11.7794 11.7516 11.7235 11.6954 11.6683 11.6443 11.6266 11.5924 11.5523 11.5089 11.4633 11.4156 11.3657 11.3134 11.2582 11.1999 11.138 11.0726 11.0036 10.9315 10.8572 10.7822 10.7084 10.6389 10.5772 10.528 10.4966 10.4889 10.5 
12.4777 12.4628 12.4351 12.4083 12.382 12.356 12.3302 12.3045 12.2788 12.2529 12.2267 12.2001 12.1729 12.1451 12.1166 12.0875 12.0581 12.0291 12.0024 11.981 11.944 11.901 11.8546 11.8054 11.7535 11.6987 11.6405 11.5783 11.5115 11.4395 11.362 11.2786 11.1896 11.0955 10.9976 10.898 10.7993 10.7057 10.6218 10.5538 10.5081 10.5 
12.8916 12.8769 12.8492 12.8224 12.7961 12.7703 12.7446 12.7191 12.6934 12.6676 12.6413 12.6144 12.5869 12.5585 12.5292 12.4989 12.4677 12.4358 12.4035 12.3663 12.3226 12.2755 12.2254 12.1725 12.1165 12.0568 11.9928 11.9236 11.8483 11.7661 11.6761 11.578 11.4713 11.3564 11.2343 11.1067 10.9765 10.8478 10.7259 10.6172 10.5294 10.5 
13.3222 13.3078 13.2804 13.2537 13.2277 13.2021 13.1767 13.1513 13.1258 13.1 13.0738 13.0468 13.019 12.9901 12.96 12.9285 12.8954 12.8605 12.8232 12.7769 12.7269 12.6754 12.6216 12.565 12.505 12.4407 12.371 12.295 12.2114 12.1189 12.0166 11.9032 11.7784 11.6418 11.494 11.3366 11.1724 11.0054 10.8415 10.6879 10.5532 10.5 
13.7696 13.7556 13.7285 13.7022 13.6766 13.6513 13.6262 13.6011 13.5759 13.5503 13.5241 13.4972 13.4692 13.44 13.4092 13.3766 13.3418 13.3043 13.263 13.211 13.1559 13.1004 13.0432 12.9832 12.9194 12.8507 12.7758 12.6933 12.6017 12.4993 12.3846 12.2561 12.1127 11.9536 11.779 11.5899 11.389 11.1803 10.9702 10.7667 10.5797 10.5 
14.2336 14.2199 14.1934 14.1677 14.1424 14.1176 14.0929 14.0683 14.0434 14.0181 13.9922 13.9654 13.9374 13.9079 13.8767 13.8433 13.8072 13.7676 13.7235 13.6678 13.6089 13.5501 13.4899 13.427 13.3599 13.2873 13.2077 13.1192 13.0201 12.9083 12.7816 12.6382 12.4762 12.2942 12.0917 11.8692 11.6289 11.3749 11.1139 10.855 10.6095 10.5 
14.714 14.7007 14.6748 14.6496 14.6249 14.6006 14.5765 14.5524 14.5281 14.5032 14.4777 14.4512 14.4234 14.3939 14.3625 14.3286 14.2915 14.2506 14.2047 14.1466 14.0851 14.024 13.9616 13.8963 13.8265 13.7507 13.667 13.5733 13.4674 13.3469 13.209 13.0512 12.8709 12.6659 12.4348 12.1773 11.8951 11.5919 11.2749 10.9542 10.643 10.5 
15.2103 15.1974 15.1722 15.1477 15.1237 15.1 15.0766 15.0531 15.0294 15.0052 14.9802 14.9542 14.9268 14.8976 14.8663 14.8322 14.7948 14.7532 14.7063 14.647 14.5842 14.5216 14.4577 14.3908 14.3192 14.2409 14.154 14.056 13.9443 13.816 13.668 13.4967 13.2989 13.0712 12.8113 12.5177 12.1911 11.8348 11.456 11.0662 10.681 10.5 
15.722 15.7095 15.685 15.6613 15.638 15.6152 15.5926 15.5699 15.547 15.5235 15.4993 15.4739 15.4471 15.4185 15.3876 15.3538 15.3165 15.2749 15.2279 15.1685 15.1053 15.0422 14.9778 14.9101 14.8375 14.7577 14.6686 14.5674 14.4512 14.3166 14.1597 13.9764 13.7624 13.5131 13.2247 12.8943 12.5212 12.1077 11.661 11.1937 10.7243 10.5 
16.2485 16.2363 16.2127 16.1898 16.1674 16.1455 16.1238 16.102 16.0801 16.0576 16.0343 16.0098 15.9839 15.9561 15.926 15.8929 15.8563 15.8153 15.7689 15.7103 15.6477 15.5852 15.5211 15.4536 15.3809 15.3007 15.2105 15.1075 14.9883 14.849 14.6852 14.4919 14.2636 13.9944 13.6788 13.3118 12.8906 12.4161 11.8946 11.3399 10.7741 10.5 
16.7889 16.7771 16.7544 16.7324 16.711 16.6901 16.6695 16.6488 16.628 16.6066 16.5844 16.5611 16.5363 16.5097 16.4807 16.4488 16.4133 16.3735 16.3284 16.2716 16.2106 16.1495 16.0867 16.0205 15.9487 15.8693 15.7794 15.6761 15.5556 15.4137 15.2453 15.0445 14.8047 14.5184 14.1778 13.7754 13.3057 12.7666 12.163 11.5095 10.8322 10.5 
17.3424 17.331 17.3092 17.2882 17.2679 17.2482 17.2288 17.2094 17.1898 17.1697 17.1489 17.1269 17.1035 17.0783 17.0508 17.0205 16.9867 16.9487 16.9056 16.8513 16.7929 16.7342 16.6737 16.6096 16.54 16.4625 16.3744 16.2725 16.1528 16.0106 15.8405 15.6355 15.3879 15.0882 14.7263 14.2915 13.7741 13.1681 12.4749 11.7088 10.901 10.5 
17.908 17.897 17.8761 17.8562 17.8372 17.8188 17.8007 17.7827 17.7646 17.746 17.7267 17.7063 17.6846 17.6611 17.6354 17.607 17.5754 17.5398 17.4994 17.4484 17.3934 17.338 17.2808 17.2199 17.1536 17.0793 16.9945 16.8958 16.7791 16.6395 16.4709 16.2657 16.0148 15.7071 15.3295 14.8673 14.3055 13.6318 12.8417 11.947 10.984 10.5 
18.4844 18.4739 18.454 18.4354 18.4177 18.4007 18.3842 18.3678 18.3512 18.3343 18.3167 18.2982 18.2783 18.2569 18.2333 18.2073 18.1783 18.1455 18.1084 18.0615 18.0108 17.9595 17.9064 17.8498 17.7879 17.7183 17.6384 17.5449 17.4336 17.2995 17.1361 16.9353 16.6869 16.3779 15.9922 15.5106 14.9111 14.1723 13.2796 12.2377 11.0869 10.5 
19.0706 19.0605 19.0418 19.0245 19.0083 18.9929 18.978 18.9634 18.9486 18.9335 18.9178 18.9013 18.8836 18.8644 18.8434 18.82 18.794 18.7646 18.7312 18.6891 18.6434 18.5972 18.5491 18.4977 18.4413 18.3777 18.3043 18.218 18.1146 17.9892 17.8351 17.644 17.4047 17.1028 16.7193 16.2299 15.6044 14.8087 13.8116 12.602 11.219 10.5 
19.6651 19.6554 19.6379 19.6222 19.6077 19.5941 19.581 19.5683 19.5554 19.5424 19.5288 19.5144 19.4991 19.4824 19.4641 19.4438 19.4211 19.3954 19.3663 19.3296 19.2896 19.2492 19.207 19.1617 19.1119 19.0555 18.9902 18.9131 18.8202 18.7067 18.5663 18.3905 18.168 17.8831 17.5147 17.0336 16.4004 15.5648 14.4701 13.0735 11.397 10.5 
20.2664 20.2572 20.2411 20.2271 20.2145 20.2029 20.1919 20.1811 20.1704 20.1595 20.1481 20.1362 20.1233 20.1094 20.0941 20.077 20.058 20.0365 20.0121 19.9813 19.9477 19.9136 19.878 19.8398 19.7975 19.7496 19.6938 19.6277 19.5477 19.4495 19.3271 19.1725 18.9747 18.7181 18.3803 17.9286 17.3149 16.4701 15.3013 13.7076 11.6537 10.5 
20.873 20.8642 20.8498 20.8378 20.8274 20.818 20.8092 20.8006 20.7921 20.7835 20.7745 20.765 20.7549 20.7438 20.7317 20.7182 20.7031 20.6861 20.6667 20.6422 20.6156 20.5884 20.5601 20.5295 20.4957 20.4572 20.4124 20.359 20.2941 20.2141 20.1138 19.9863 19.8215 19.605 19.3152 18.9184 18.3613 17.5573 16.369 14.5987 12.0606 10.5 
21.483 21.4747 21.4623 21.4528 21.4449 21.438 21.4315 21.4253 21.4191 21.4129 21.4064 21.3995 21.3922 21.3842 21.3754 21.3657 21.3547 21.3424 21.3283 21.3106 21.2912 21.2715 21.2508 21.2286 21.2039 21.1758 21.1429 21.1037 21.0559 20.9967 20.9221 20.8268 20.7026 20.5378 20.3138 20.0005 19.5461 18.8565 17.7546 15.9081 12.7916 10.5 
22.0944 22.0865 22.0771 22.0707 22.0657 22.0614 22.0575 22.0537 22.05 22.0462 22.0422 22.0381 22.0336 22.0288 22.0235 22.0176 22.011 22.0035 21.995 21.9842 21.9725 21.9605 21.948 21.9344 21.9194 21.9023 21.8822 21.8582 21.8289 21.7925 21.7466 21.6875 21.6103 21.5069 21.3648 21.1627 20.861 20.3804 19.5418 17.8995 14.3128 10.5 
22.7046 22.6971 22.6925 22.6901 22.6884 22.6869 22.6856 22.6843 22.6831 22.6818 22.6805 22.6791 22.6776 22.676 22.6742 22.6722 22.67 22.6675 22.6646 22.661 22.6571 22.6531 22.6489 22.6444 22.6393 22.6335 22.6268 22.6187 22.6089 22.5966 22.5811 22.5611 22.5348 22.4996 22.4508 22.3808 22.2743 22.0978 21.7595 20.9266 17.9825 10.5 
23 23 23 23 23 23 23 23 23 23 23 23 23 23 23 23 23 23 23 23 23 23 23 23 23 23 23 23 23 23 23 23 23 23 23 23 23 23 23 23 23 23 
