22.4078 22.4062 22.3997 22.3971 22.3986 22.404 22.4135 22.4271 22.4449 22.467 22.4933 22.5241 22.5593 22.5991 22.6436 22.6928 22.7468 22.8058 22.8697 22.9387 23.0128 23.0919 23.176 23.2651 23.3804 23.5273 23.687 23.8597 24.0458 24.2456 24.4594 24.6877 24.931 25.1898 25.4647 25.7563 26.0652 26.3922 26.7378 27.1029 27.4881 27.8943 28.3224 28.7731 29.2477 29.747 30.2724 30.8253 31.4072 32.0198 32.6646 33 
22.4093 22.404 22.3975 22.3949 22.3964 22.4018 22.4113 22.425 22.4428 22.4648 22.4912 22.5219 22.5571 22.5969 22.6414 22.6906 22.7446 22.8036 22.8676 22.9365 23.0106 23.0897 23.1738 23.2629 23.3773 23.5242 23.6839 23.8566 24.0427 24.2425 24.4563 24.6846 24.9278 25.1866 25.4616 25.7532 26.0621 26.3891 26.7347 27.0998 27.485 27.8912 28.3193 28.77 29.2445 29.7439 30.2693 30.8222 31.4041 32.0167 32.6615 33 
22.406 22.4007 22.3942 22.3916 22.393 22.3985 22.408 22.4216 22.4394 22.4615 22.4878 22.5186 22.5538 22.5936 22.638 22.6873 22.7413 22.8003 22.8643 22.9334 23.0075 23.0867 23.171 23.2601 23.3739 23.5209 23.6808 23.8537 24.04 24.2399 24.4538 24.6823 24.9257 25.1846 25.4596 25.7513 26.0603 26.3874 26.7331 27.0982 27.4835 27.8897 28.3178 28.7686 29.243 29.7422 30.2674 30.82 31.4015 32.0139 32.6593 33 
22.4037 22.3984 22.3919 22.3893 22.3907 22.3962 22.4057 22.4193 22.4371 22.4591 22.4854 22.5162 22.5514 22.5912 22.6357 22.6849 22.739 22.7981 22.8622 22.9314 23.0057 23.0851 23.1696 23.259 23.3731 23.5204 23.6808 23.8541 24.0408 24.241 24.4552 24.6839 24.9275 25.1866 25.4619 25.7537 26.063 26.3902 26.736 27.1013 27.4867 27.8931 28.3211 28.7719 29.2462 29.7451 30.2699 30.8218 31.4026 32.0141 32.659 33 
22.4024 22.3972 22.3906 22.388 22.3894 22.3949 22.4044 22.418 22.4357 22.4577 22.4841 22.5148 22.55 22.5898 22.6343 22.6836 22.7378 22.7969 22.8611 22.9305 23.0051 23.0849 23.1698 23.2598 23.3746 23.5228 23.6839 23.8579 24.0451 24.2458 24.4605 24.6895 24.9334 25.1929 25.4684 25.7605 26.07 26.3975 26.7436 27.1091 27.4947 27.9012 28.3293 28.78 29.2541 29.7527 30.2769 30.8279 31.4073 32.0171 32.6599 33 
22.4022 22.3969 22.3904 22.3878 22.3892 22.3946 22.4041 22.4176 22.4354 22.4574 22.4837 22.5144 22.5496 22.5894 22.6339 22.6833 22.7375 22.7967 22.8611 22.9307 23.0056 23.0859 23.1715 23.2623 23.3784 23.528 23.6902 23.8651 24.053 24.2543 24.4695 24.699 24.9434 25.2032 25.4791 25.7716 26.0815 26.4093 26.7558 27.1215 27.5074 27.9141 28.3423 28.793 29.2669 29.7651 30.2885 30.8383 31.4159 32.023 32.6622 33 
22.4029 22.3977 22.3911 22.3885 22.3899 22.3953 22.4047 22.4183 22.436 22.458 22.4843 22.515 22.5502 22.59 22.6345 22.6839 22.7382 22.7975 22.8621 22.9319 23.0072 23.0881 23.1745 23.2665 23.3847 23.5361 23.6997 23.8757 24.0645 24.2665 24.4823 24.7124 24.9573 25.2177 25.494 25.7871 26.0974 26.4256 26.7725 27.1387 27.5249 27.9318 28.3602 28.8109 29.2847 29.7824 30.3049 30.8533 31.4287 32.0324 32.6662 33 
22.4047 22.3994 22.3929 22.3903 22.3916 22.397 22.4064 22.4199 22.4376 22.4596 22.4858 22.5165 22.5517 22.5915 22.636 22.6854 22.7397 22.7992 22.864 22.9341 23.0098 23.0913 23.1786 23.2721 23.3938 23.5474 23.7126 23.8898 24.0796 24.2824 24.499 24.7297 24.9753 25.2362 25.5131 25.8067 26.1176 26.4464 26.7938 27.1604 27.5471 27.9544 28.3831 28.8339 29.3076 29.8049 30.3266 30.8735 31.4465 32.0462 32.6733 33 
22.4074 22.4022 22.3956 22.393 22.3943 22.3997 22.4091 22.4225 22.4402 22.4621 22.4883 22.5189 22.5541 22.5938 22.6384 22.6878 22.7422 22.8018 22.8667 22.9372 23.0133 23.0953 23.1835 23.2783 23.4021 23.5577 23.7243 23.9026 24.0933 24.2969 24.5141 24.7454 24.9915 25.2529 25.5303 25.8243 26.1356 26.4648 26.8127 27.1797 27.5667 27.9743 28.4031 28.8539 29.3274 29.8241 30.3448 30.8901 31.4606 32.0565 32.6776 33 
22.4112 22.4059 22.3993 22.3967 22.398 22.4033 22.4127 22.4261 22.4437 22.4655 22.4917 22.5222 22.5573 22.5971 22.6416 22.691 22.7455 22.8052 22.8703 22.941 23.0175 23.1 23.189 23.2848 23.4101 23.5673 23.7351 23.9143 24.1058 24.31 24.5277 24.7595 25.0059 25.2677 25.5455 25.8398 26.1515 26.481 26.8291 27.1965 27.5837 27.9914 28.4204 28.8711 29.3442 29.8404 30.36 30.9037 31.4717 32.0642 32.6805 33 
22.4158 22.4106 22.404 22.4014 22.4026 22.4079 22.4172 22.4306 22.4481 22.4698 22.4959 22.5264 22.5615 22.6012 22.6457 22.6951 22.7496 22.8093 22.8746 22.9455 23.0223 23.1053 23.1948 23.2914 23.4178 23.5761 23.7449 23.9249 24.117 24.3217 24.5398 24.7719 25.0186 25.2807 25.5587 25.8533 26.1651 26.4949 26.8432 27.2107 27.5981 28.006 28.4349 28.8855 29.3583 29.8538 30.3725 30.9147 31.4805 32.07 32.6827 33 
22.4215 22.4162 22.4096 22.4069 22.4082 22.4134 22.4226 22.4359 22.4534 22.4751 22.5011 22.5315 22.5664 22.6061 22.6505 22.6999 22.7544 22.8142 22.8795 22.9505 23.0276 23.1109 23.201 23.2981 23.4253 23.5844 23.7539 23.9345 24.127 24.3321 24.5504 24.7827 25.0296 25.2917 25.5698 25.8645 26.1765 26.5064 26.8548 27.2225 27.6099 28.0178 28.4467 28.8972 29.3696 29.8646 30.3824 30.9233 31.4874 32.0745 32.6842 33 
22.428 22.4228 22.4162 22.4135 22.4147 22.4198 22.429 22.4422 22.4595 22.4811 22.507 22.5373 22.5722 22.6117 22.6561 22.7054 22.7598 22.8196 22.885 22.9561 23.0333 23.1169 23.2073 23.3048 23.4325 23.5922 23.7621 23.9431 24.1358 24.341 24.5595 24.7918 25.0387 25.3008 25.5789 25.8736 26.1856 26.5155 26.864 27.2317 27.6192 28.0271 28.4559 28.9062 29.3784 29.8729 30.39 30.9299 31.4925 32.0778 32.6854 33 
22.4354 22.4302 22.4236 22.4209 22.422 22.4271 22.4362 22.4493 22.4665 22.488 22.5138 22.544 22.5787 22.6181 22.6623 22.7115 22.7659 22.8257 22.891 22.9622 23.0395 23.1232 23.2137 23.3114 23.4394 23.5994 23.7696 23.9507 24.1434 24.3487 24.567 24.7992 25.0459 25.3079 25.5859 25.8805 26.1923 26.5222 26.8706 27.2383 27.6258 28.0337 28.4625 28.9127 29.3848 29.8789 30.3955 30.9346 31.4962 32.0802 32.6862 33 
22.4437 22.4385 22.4319 22.4291 22.4302 22.4352 22.4442 22.4572 22.4744 22.4957 22.5213 22.5513 22.5859 22.6252 22.6692 22.7183 22.7726 22.8322 22.8975 22.9686 23.0459 23.1296 23.2202 23.318 23.446 23.6061 23.7762 23.9572 24.1499 24.3549 24.5729 24.8049 25.0513 25.313 25.5907 25.885 26.1967 26.5263 26.8747 27.2423 27.6298 28.0377 28.4665 28.9167 29.3886 29.8826 30.3989 30.9375 31.4985 32.0817 32.6867 33 
22.4529 22.4477 22.4411 22.4382 22.4393 22.4442 22.4531 22.466 22.4829 22.5041 22.5296 22.5594 22.5938 22.6329 22.6768 22.7257 22.7797 22.8392 22.9043 22.9753 23.0525 23.1362 23.2267 23.3244 23.4523 23.6122 23.7821 23.9628 24.1551 24.3596 24.5773 24.8087 25.0547 25.316 25.5932 25.8872 26.1985 26.5279 26.8761 27.2436 27.631 28.0389 28.4678 28.9181 29.3901 29.8841 30.4003 30.9388 31.4996 32.0824 32.687 33 
22.4629 22.4577 22.451 22.4482 22.4491 22.454 22.4627 22.4755 22.4923 22.5133 22.5385 22.5682 22.6024 22.6412 22.6849 22.7335 22.7874 22.8466 22.9116 22.9824 23.0593 23.1428 23.2331 23.3306 23.4582 23.6177 23.7871 23.9673 24.159 24.363 24.58 24.8108 25.0561 25.3168 25.5935 25.8869 26.1978 26.5269 26.8748 27.2421 27.6295 28.0374 28.4664 28.9168 29.3891 29.8834 30.3998 30.9385 31.4994 32.0823 32.6869 33 
22.4737 22.4685 22.4618 22.4589 22.4598 22.4645 22.4731 22.4857 22.5023 22.5231 22.5482 22.5776 22.6115 22.6501 22.6935 22.7419 22.7954 22.8544 22.9191 22.9896 23.0663 23.1495 23.2394 23.3366 23.4638 23.6226 23.7913 23.9708 24.1616 24.3648 24.5809 24.8109 25.0554 25.3153 25.5913 25.8841 26.1944 26.523 26.8706 27.2377 27.625 28.033 28.4622 28.913 29.3856 29.8804 30.3974 30.9366 31.498 32.0815 32.6867 33 
22.4853 22.4801 22.4734 22.4704 22.4712 22.4758 22.4842 22.4966 22.5131 22.5336 22.5584 22.5876 22.6212 22.6595 22.7026 22.7506 22.8039 22.8625 22.9268 22.997 23.0733 23.1561 23.2457 23.3423 23.4689 23.6268 23.7946 23.9731 24.1629 24.365 24.5801 24.809 25.0526 25.3115 25.5865 25.8785 26.1882 26.5163 26.8634 27.2303 27.6176 28.0257 28.4551 28.9063 29.3796 29.8751 30.3929 30.9331 31.4955 32.0799 32.6862 33 
22.4977 22.4925 22.4857 22.4827 22.4833 22.4878 22.4961 22.5083 22.5245 22.5448 22.5693 22.5981 22.6314 22.6694 22.7121 22.7598 22.8127 22.8709 22.9348 23.0045 23.0804 23.1627 23.2518 23.3478 23.4735 23.6304 23.797 23.9742 24.1628 24.3636 24.5774 24.8051 25.0474 25.3052 25.5792 25.8702 26.1791 26.5065 26.8532 27.2198 27.6069 28.0152 28.445 28.8968 29.3709 29.8673 30.3863 30.9278 31.4917 32.0776 32.6854 33 
22.5108 22.5056 22.4988 22.4956 22.4962 22.5005 22.5085 22.5205 22.5365 22.5565 22.5807 22.6092 22.6422 22.6797 22.722 22.7693 22.8217 22.8795 22.9429 23.0122 23.0875 23.1693 23.2577 23.353 23.4777 23.6333 23.7985 23.9742 24.1612 24.3605 24.5728 24.799 25.0398 25.2962 25.569 25.859 26.1669 26.4935 26.8396 27.2059 27.593 28.0014 28.4317 28.8843 29.3593 29.8571 30.3776 30.9208 31.4865 32.0745 32.6843 33 
22.5245 22.5194 22.5125 22.5093 22.5097 22.5138 22.5217 22.5334 22.5491 22.5688 22.5926 22.6208 22.6533 22.6904 22.7323 22.7791 22.831 22.8883 22.9511 23.0198 23.0946 23.1757 23.2634 23.358 23.4815 23.6354 23.7989 23.9728 24.1581 24.3555 24.5661 24.7905 25.0297 25.2846 25.5559 25.8446 26.1514 26.4771 26.8225 27.1884 27.5754 27.9841 28.415 28.8684 29.3448 29.8441 30.3666 30.9119 31.48 32.0705 32.683 33 
22.539 22.5339 22.527 22.5236 22.5238 22.5277 22.5354 22.5468 22.5622 22.5815 22.605 22.6328 22.6649 22.7015 22.7429 22.7891 22.8405 22.8972 22.9594 23.0275 23.1016 23.1821 23.269 23.3627 23.4848 23.6368 23.7983 23.9701 24.1533 24.3487 24.5572 24.7797 25.017 25.2701 25.5397 25.8269 26.1324 26.4571 26.8017 27.1672 27.554 27.963 28.3946 28.8491 29.327 29.8283 30.353 30.901 31.472 32.0656 32.6813 33 
22.5542 22.549 22.542 22.5385 22.5386 22.5422 22.5496 22.5608 22.5758 22.5948 22.6179 22.6452 22.6768 22.7129 22.7537 22.7994 22.8501 22.9061 22.9677 23.0351 23.1085 23.1882 23.2744 23.3672 23.4877 23.6375 23.7966 23.966 24.1468 24.3398 24.546 24.7663 25.0014 25.2525 25.5203 25.8057 26.1097 26.4332 26.7769 27.1418 27.5286 27.9379 28.3702 28.8261 29.3057 29.8093 30.3367 30.8879 31.4624 32.0597 32.6794 33 
22.5701 22.5649 22.5578 22.554 22.5539 22.5573 22.5644 22.5752 22.5899 22.6085 22.6311 22.6579 22.689 22.7246 22.7647 22.8097 22.8598 22.9151 22.9759 23.0425 23.1152 23.1942 23.2797 23.3716 23.4904 23.6375 23.7937 23.9603 24.1384 24.3288 24.5324 24.7502 24.9829 25.2317 25.4973 25.7808 26.0831 26.4052 26.7479 27.1121 27.4987 27.9083 28.3416 28.7989 29.2806 29.7868 30.3174 30.8723 31.4509 32.0527 32.677 33 
22.5866 22.5815 22.5741 22.5701 22.5697 22.5728 22.5796 22.5901 22.6044 22.6226 22.6447 22.671 22.7015 22.7365 22.776 22.8202 22.8695 22.924 22.984 23.0498 23.1216 23.1999 23.2847 23.3762 23.4931 23.6366 23.7895 23.953 24.128 24.3155 24.5162 24.7312 24.9613 25.2074 25.4706 25.7519 26.0523 26.3728 26.7143 27.0777 27.4641 27.874 28.3082 28.7672 29.2512 29.7605 30.2948 30.854 31.4375 32.0445 32.6742 33 
22.6064 22.6003 22.5924 22.5881 22.5874 22.5902 22.5967 22.6068 22.6206 22.6383 22.6599 22.6856 22.7154 22.7496 22.7883 22.8317 22.8801 22.9337 22.9927 23.0574 23.1282 23.2056 23.2899 23.3821 23.4965 23.6347 23.7837 23.9438 24.1155 24.2998 24.4974 24.7092 24.9363 25.1796 25.4401 25.7189 26.017 26.3356 26.6757 27.0382 27.4242 27.8345 28.2697 28.7305 29.2172 29.7299 30.2686 30.8327 31.4218 32.0349 32.671 33 
22.6265 22.6205 22.6123 22.6077 22.6066 22.6091 22.6152 22.6248 22.6382 22.6553 22.6763 22.7012 22.7303 22.7636 22.8014 22.8438 22.8911 22.9435 23.0013 23.0649 23.1345 23.2106 23.2939 23.3852 23.4969 23.631 23.7761 23.9325 24.1007 24.2814 24.4756 24.6841 24.9078 25.1479 25.4054 25.6813 25.977 26.2934 26.6318 26.9932 27.3787 27.7892 28.2256 28.6884 29.178 29.6947 30.2382 30.8081 31.4036 32.0237 32.6672 33 
22.6465 22.6405 22.6321 22.6272 22.6259 22.628 22.6337 22.6429 22.6557 22.6722 22.6925 22.7167 22.7449 22.7774 22.8142 22.8555 22.9017 22.9528 23.0093 23.0715 23.1397 23.2144 23.2962 23.3858 23.4948 23.6252 23.7665 23.919 24.0834 24.2604 24.4508 24.6556 24.8756 25.1122 25.3662 25.639 25.9318 26.2457 26.5821 26.9422 27.327 27.7377 28.1752 28.6401 29.1331 29.6541 30.2031 30.7796 31.3825 32.0108 32.6629 33 
22.6664 22.6604 22.6518 22.6468 22.6452 22.6469 22.6522 22.6609 22.6732 22.6891 22.7086 22.732 22.7594 22.7909 22.8266 22.8668 22.9117 22.9615 23.0166 23.0772 23.1438 23.2168 23.2968 23.3844 23.4905 23.6172 23.7546 23.9032 24.0636 24.2365 24.4229 24.6235 24.8396 25.0722 25.3225 25.5917 25.8812 26.1923 26.5263 26.8846 27.2686 27.6793 28.1179 28.5851 29.0816 29.6076 30.1628 30.7467 31.3582 31.9959 32.6578 33 
22.6862 22.6802 22.6715 22.6663 22.6644 22.6658 22.6706 22.6789 22.6906 22.7058 22.7246 22.7472 22.7736 22.804 22.8386 22.8776 22.9211 22.9695 23.023 23.082 23.1468 23.2179 23.2958 23.381 23.4841 23.6071 23.7405 23.885 24.0411 24.2097 24.3916 24.5879 24.7995 25.0277 25.2738 25.539 25.8247 26.1325 26.4638 26.8201 27.2028 27.6133 28.0529 28.5226 29.0229 29.5543 30.1165 30.7089 31.3301 31.9786 32.652 33 
22.7058 22.6998 22.6911 22.6857 22.6835 22.6846 22.689 22.6967 22.7078 22.7224 22.7404 22.7621 22.7876 22.8169 22.8503 22.8879 22.9301 22.9769 23.0287 23.0859 23.1487 23.2177 23.2932 23.3758 23.4757 23.5948 23.7241 23.8642 24.0158 24.1798 24.3569 24.5484 24.7552 24.9786 25.2199 25.4806 25.7621 26.0661 26.3941 26.7478 27.1289 27.539 27.9795 28.4515 28.956 29.4933 30.0633 30.6653 31.2977 31.9586 32.6452 33 
22.7253 22.7193 22.7106 22.705 22.7025 22.7033 22.7073 22.7145 22.725 22.7388 22.7561 22.7768 22.8012 22.8294 22.8616 22.8978 22.9384 22.9835 23.0335 23.0887 23.1494 23.2161 23.2891 23.3689 23.4654 23.5805 23.7054 23.8409 23.9877 24.1467 24.3187 24.5049 24.7065 24.9246 25.1607 25.4162 25.6929 25.9924 26.3166 26.6672 27.0463 27.4555 27.8966 28.371 28.8798 29.4235 30.0022 30.615 31.2602 31.9354 32.6374 33 
22.7447 22.7387 22.7299 22.7241 22.7214 22.7219 22.7254 22.7321 22.7419 22.755 22.7715 22.7913 22.8146 22.8416 22.8724 22.9071 22.9461 22.9895 23.0376 23.0906 23.1491 23.2132 23.2835 23.3603 23.4532 23.564 23.6843 23.815 23.9567 24.1103 24.2769 24.4574 24.6532 24.8654 25.0957 25.3456 25.6168 25.9112 26.2308 26.5777 26.954 27.3618 27.8031 28.2797 28.7929 29.3437 29.932 30.557 31.2168 31.9085 32.6283 33 
22.7639 22.7579 22.749 22.7431 22.7402 22.7402 22.7434 22.7495 22.7587 22.7711 22.7866 22.8054 22.8277 22.8534 22.8828 22.916 22.9532 22.9947 23.0408 23.0916 23.1476 23.209 23.2764 23.3501 23.4391 23.5454 23.6609 23.7865 23.9227 24.0707 24.2313 24.4057 24.5952 24.801 25.0249 25.2683 25.5333 25.8218 26.1361 26.4784 26.8511 27.2568 27.6978 28.1763 28.694 29.2522 29.8511 30.4898 31.1663 31.8771 32.6176 33 
22.7829 22.7769 22.768 22.7619 22.7587 22.7585 22.7611 22.7667 22.7753 22.7869 22.8015 22.8193 22.8404 22.8648 22.8927 22.9243 22.9598 22.9993 23.0431 23.0916 23.145 23.2036 23.2679 23.3382 23.4233 23.5248 23.6352 23.7553 23.8858 24.0277 24.182 24.3498 24.5324 24.7312 24.9479 25.1842 25.4421 25.7239 26.0318 26.3686 26.7369 27.1396 27.5795 28.0593 28.5814 29.1473 29.7577 30.4118 31.1074 31.8404 32.6052 33 
22.8017 22.7957 22.7867 22.7804 22.777 22.7764 22.7787 22.7837 22.7916 22.8024 22.8162 22.8329 22.8528 22.8758 22.9022 22.9321 22.9657 23.0031 23.0447 23.0907 23.1413 23.197 23.258 23.3248 23.4056 23.5022 23.6072 23.7216 23.846 23.9814 24.1289 24.2895 24.4647 24.6558 24.8646 25.0929 25.3429 25.6168 25.9174 26.2475 26.6101 27.0087 27.4465 27.927 28.453 29.0268 29.6496 30.3209 31.0384 31.7972 32.5905 33 
22.8201 22.8142 22.8051 22.7987 22.7951 22.7942 22.796 22.8005 22.8077 22.8177 22.8305 22.8462 22.8648 22.8865 22.9113 22.9394 22.971 23.0063 23.0455 23.0888 23.1366 23.1892 23.2468 23.3099 23.3863 23.4776 23.577 23.6852 23.8032 23.9318 24.072 24.2249 24.392 24.5748 24.7749 24.9943 25.2353 25.5003 25.7923 26.1143 26.4699 26.8629 27.2974 27.7773 28.3064 28.8881 29.5241 30.2146 30.9571 31.7461 32.573 33 
22.8383 22.8324 22.8232 22.8167 22.8129 22.8117 22.813 22.817 22.8236 22.8328 22.8446 22.8592 22.8765 22.8967 22.9199 22.9462 22.9758 23.0088 23.0455 23.0862 23.131 23.1802 23.2343 23.2935 23.3653 23.451 23.5445 23.6464 23.7575 23.8788 24.0112 24.156 24.3144 24.488 24.6786 24.8882 25.1191 25.3739 25.6558 25.9683 26.3152 26.7009 27.1302 27.608 28.1392 28.7281 29.3779 30.0895 30.8606 31.685 32.552 33 
22.8562 22.8503 22.841 22.8344 22.8304 22.8288 22.8298 22.8333 22.8392 22.8476 22.8584 22.8719 22.8879 22.9066 22.9281 22.9525 22.98 23.0107 23.0448 23.0826 23.1243 23.1702 23.2206 23.2757 23.3426 23.4227 23.5099 23.6051 23.7091 23.8226 23.9468 24.0828 24.2318 24.3956 24.5758 24.7744 24.994 25.2373 25.5076 25.8087 26.1449 26.5212 26.9431 27.4167 27.9481 28.5433 29.207 29.9415 30.7453 31.6113 32.5267 33 
22.8736 22.8677 22.8585 22.8517 22.8475 22.8457 22.8463 22.8492 22.8545 22.862 22.872 22.8842 22.8989 22.9161 22.9359 22.9584 22.9837 23.012 23.0435 23.0783 23.1168 23.1591 23.2056 23.2566 23.3185 23.3925 23.4733 23.5615 23.6579 23.7633 23.8787 24.0053 24.1444 24.2975 24.4663 24.653 24.8601 25.0903 25.3473 25.635 25.9582 26.3224 26.7342 27.2007 27.7298 28.3293 29.0063 29.7653 30.6062 31.5216 32.4956 33 
22.8906 22.8847 22.8755 22.8687 22.8643 22.8622 22.8624 22.8649 22.8695 22.8763 22.8852 22.8963 22.9097 22.9253 22.9433 22.9638 22.9869 23.0127 23.0414 23.0733 23.1084 23.1471 23.1896 23.2363 23.2929 23.3607 23.4347 23.5156 23.604 23.7009 23.8071 23.9238 24.0522 24.1938 24.3504 24.524 24.7171 24.9328 25.1745 25.4466 25.7541 26.1033 26.5015 26.9572 27.4803 28.081 28.7696 29.554 30.4366 31.4107 32.4569 33 
22.9071 22.9012 22.892 22.8851 22.8806 22.8784 22.8783 22.8802 22.8842 22.8902 22.8982 22.9081 22.9201 22.9341 22.9503 22.9688 22.9896 23.0129 23.0388 23.0675 23.0992 23.1342 23.1726 23.2148 23.266 23.3273 23.3943 23.4675 23.5477 23.6357 23.7322 23.8384 23.9555 24.0848 24.2281 24.3875 24.5654 24.7647 24.9892 25.2432 25.5321 25.8627 26.2432 26.6835 27.1955 27.7927 28.4894 29.2985 30.2274 31.2715 32.4077 33 
22.923 22.9172 22.9079 22.9011 22.8965 22.8941 22.8938 22.8953 22.8987 22.9039 22.9109 22.9196 22.9302 22.9427 22.957 22.9734 22.9919 23.0126 23.0356 23.0611 23.0894 23.1204 23.1546 23.1922 23.2378 23.2924 23.3521 23.4175 23.4892 23.5678 23.6542 23.7493 23.8544 23.9707 24.0999 24.2439 24.4051 24.5864 24.7915 25.0247 25.2918 25.5998 25.9577 26.3767 26.8711 27.4577 28.1564 28.9872 29.9656 31.093 32.3436 33 
22.9383 22.9324 22.9232 22.9165 22.912 22.9095 22.9089 22.91 22.9129 22.9173 22.9233 22.9309 22.9401 22.9509 22.9634 22.9777 22.9938 23.0118 23.0319 23.0542 23.0788 23.1059 23.1358 23.1686 23.2085 23.2562 23.3085 23.3657 23.4285 23.4974 23.5732 23.6569 23.7493 23.8519 23.966 24.0935 24.2366 24.3982 24.5817 24.7915 25.0332 25.3141 25.6438 26.0346 26.5027 27.0691 27.7599 28.605 29.6332 30.8587 32.2572 33 
22.9527 22.9469 22.9379 22.9313 22.9269 22.9244 22.9237 22.9245 22.9268 22.9305 22.9355 22.9419 22.9497 22.9589 22.9695 22.9817 22.9953 23.0107 23.0278 23.0467 23.0677 23.0908 23.1162 23.1442 23.1781 23.2189 23.2635 23.3123 23.3659 23.4248 23.4897 23.5613 23.6406 23.7287 23.8269 23.9369 24.0606 24.2008 24.3606 24.5441 24.7569 25.006 25.3012 25.6555 26.0869 26.6198 27.2874 28.1326 29.2043 30.5418 32.1352 33 
22.9663 22.9604 22.9517 22.9454 22.9413 22.9389 22.9381 22.9387 22.9405 22.9434 22.9476 22.9528 22.9592 22.9667 22.9754 22.9854 22.9966 23.0092 23.0233 23.0388 23.0561 23.0751 23.096 23.119 23.147 23.1805 23.2172 23.2575 23.3017 23.3503 23.4039 23.4631 23.5287 23.6017 23.6832 23.7747 23.8778 23.995 24.129 24.2836 24.4638 24.6764 24.9305 25.2392 25.6212 26.1036 26.7262 27.5465 28.6419 30.0982 31.9516 33 
22.9787 22.9729 22.9645 22.9588 22.9551 22.9531 22.9523 22.9526 22.9539 22.9562 22.9594 22.9635 22.9684 22.9743 22.9811 22.9889 22.9976 23.0075 23.0184 23.0306 23.044 23.0589 23.0752 23.0932 23.1151 23.1413 23.17 23.2015 23.2361 23.2742 23.3162 23.3626 23.4141 23.4715 23.5356 23.6077 23.6892 23.7819 23.8883 24.0115 24.1558 24.3271 24.5335 24.7871 25.1058 25.5172 26.065 26.8202 27.8953 29.4528 31.6493 33 
22.9896 22.9838 22.9762 22.9714 22.9685 22.9668 22.9661 22.9663 22.9672 22.9688 22.9711 22.974 22.9776 22.9817 22.9866 22.9922 22.9984 23.0055 23.0133 23.0221 23.0317 23.0423 23.054 23.0669 23.0826 23.1014 23.122 23.1446 23.1694 23.1968 23.227 23.2603 23.2974 23.3387 23.3849 23.4369 23.4958 23.5629 23.6401 23.7298 23.8352 23.961 24.1136 24.3029 24.544 24.8616 25.2979 25.9291 26.8991 28.4768 31.0898 33 
22.9987 22.9928 22.9867 22.9833 22.9813 22.9802 22.9798 22.9799 22.9804 22.9814 22.9827 22.9844 22.9866 22.9891 22.992 22.9953 22.9991 23.0034 23.0081 23.0133 23.0191 23.0255 23.0326 23.0403 23.0497 23.061 23.0734 23.087 23.102 23.1184 23.1366 23.1567 23.1791 23.204 23.2319 23.2633 23.2989 23.3396 23.3864 23.4409 23.5051 23.582 23.6758 23.793 23.9437 24.1456 24.4304 24.8624 25.5859 26.9595 29.9007 33 
23.0049 22.9991 22.9959 22.9945 22.9938 22.9934 22.9933 22.9933 22.9935 22.9938 22.9942 22.9948 22.9955 22.9964 22.9973 22.9985 22.9997 23.0011 23.0027 23.0045 23.0064 23.0085 23.0109 23.0135 23.0166 23.0204 23.0245 23.0291 23.034 23.0395 23.0456 23.0523 23.0598 23.0681 23.0775 23.088 23.0999 23.1135 23.1292 23.1475 23.1691 23.1949 23.2266 23.2663 23.3176 23.387 23.4867 23.6437 23.9317 24.6177 26.9963 33 
23 23 23 23 23 23 23 23 23 23 23 23 23 23 23 23 23 23 23 23 23 23 23 23 23 23 23 23 23 23 23 23 23 23 23 23 23 23 23 23 23 23 23 23 23 23 23 23 23 23 23 23 
