22.3691 22.3678 22.3617 22.3583 22.3577 22.3597 22.3645 22.3721 22.3824 22.3956 22.4117 22.4306 22.4525 22.4774 22.5053 22.5363 22.5704 22.6077 22.6482 22.6919 22.739 22.7894 22.8431 22.9002 22.9606 23.0244 23.0915 23.162 23.2527 23.3667 23.4894 23.6212 23.762 23.9121 24.0717 24.241 24.4203 24.6099 24.81 25.0209 25.2431 25.4768 25.7224 25.9804 26.251 26.5347 26.832 27.1432 27.4689 27.8095 28.1656 28.5376 28.9262 29.3319 29.7555 30.1977 30.6594 31.1413 31.6445 32.1698 32.7178 33 
22.3704 22.366 22.3599 22.3565 22.3559 22.3579 22.3627 22.3703 22.3806 22.3938 22.4099 22.4288 22.4507 22.4756 22.5035 22.5345 22.5686 22.6059 22.6464 22.6901 22.7372 22.7875 22.8413 22.8984 22.9588 23.0226 23.0897 23.1602 23.2501 23.3641 23.4868 23.6186 23.7594 23.9095 24.0691 24.2384 24.4177 24.6073 24.8074 25.0183 25.2405 25.4742 25.7198 25.9778 26.2484 26.5321 26.8294 27.1407 27.4663 27.8069 28.163 28.535 28.9236 29.3293 29.7529 30.1951 30.6568 31.1387 31.6419 32.1672 32.7152 33 
22.3675 22.3631 22.357 22.3536 22.353 22.355 22.3598 22.3674 22.3777 22.3909 22.407 22.4259 22.4478 22.4727 22.5006 22.5316 22.5657 22.603 22.6435 22.6873 22.7343 22.7847 22.8385 22.8956 22.9561 23.02 23.0872 23.1576 23.2469 23.3609 23.4837 23.6155 23.7565 23.9067 24.0664 24.2358 24.4152 24.6048 24.8049 25.0159 25.2381 25.4719 25.7176 25.9756 26.2462 26.53 26.8273 27.1386 27.4643 27.8049 28.1609 28.5329 28.9215 29.3271 29.7507 30.1928 30.6542 31.136 31.639 32.1643 32.7131 33 
22.3654 22.361 22.3549 22.3515 22.3508 22.3529 22.3577 22.3652 22.3756 22.3888 22.4048 22.4238 22.4456 22.4705 22.4984 22.5294 22.5636 22.6009 22.6414 22.6852 22.7323 22.7828 22.8366 22.8938 22.9545 23.0185 23.0857 23.1562 23.2455 23.3596 23.4826 23.6147 23.7558 23.9062 24.0661 24.2357 24.4152 24.6049 24.8052 25.0163 25.2386 25.4725 25.7182 25.9763 26.2471 26.5309 26.8283 27.1396 27.4654 27.806 28.162 28.534 28.9225 29.328 29.7514 30.1932 30.6543 31.1357 31.6383 32.1634 32.7124 33 
22.364 22.3596 22.3535 22.3501 22.3494 22.3515 22.3563 22.3638 22.3742 22.3873 22.4034 22.4223 22.4442 22.4691 22.497 22.528 22.5621 22.5995 22.64 22.6839 22.7311 22.7816 22.8356 22.8929 22.9537 23.0179 23.0855 23.1562 23.2457 23.3601 23.4836 23.616 23.7574 23.9081 24.0683 24.2381 24.4178 24.6077 24.8082 25.0194 25.2419 25.4759 25.7218 25.98 26.2509 26.5349 26.8324 27.1438 27.4696 27.8103 28.1663 28.5382 28.9266 29.332 29.755 30.1965 30.6571 31.1378 31.6397 32.164 32.7125 33 
22.3633 22.3589 22.3528 22.3494 22.3488 22.3508 22.3556 22.3631 22.3735 22.3866 22.4027 22.4216 22.4435 22.4684 22.4963 22.5273 22.5615 22.5988 22.6394 22.6833 22.7306 22.7813 22.8354 22.8929 22.954 23.0185 23.0863 23.1575 23.2475 23.3625 23.4865 23.6194 23.7614 23.9124 24.0729 24.243 24.423 24.6132 24.8139 25.0254 25.248 25.4822 25.7283 25.9867 26.2578 26.5419 26.8395 27.1511 27.477 27.8177 28.1738 28.5456 28.9339 29.339 29.7617 30.2027 30.6626 31.1424 31.6432 32.1662 32.7132 33 
22.3634 22.359 22.3529 22.3495 22.3488 22.3509 22.3556 22.3632 22.3735 22.3867 22.4027 22.4216 22.4435 22.4684 22.4963 22.5273 22.5615 22.5989 22.6396 22.6835 22.7309 22.7817 22.836 22.8938 22.9551 23.02 23.0883 23.16 23.2509 23.3668 23.4915 23.6251 23.7676 23.9191 24.08 24.2505 24.4308 24.6213 24.8223 25.034 25.257 25.4914 25.7378 25.9964 26.2676 26.552 26.8498 27.1615 27.4875 27.8283 28.1844 28.5563 28.9444 29.3493 29.7716 30.2119 30.671 31.1496 31.6489 32.1699 32.7146 33 
22.3642 22.3598 22.3537 22.3503 22.3496 22.3517 22.3564 22.3639 22.3743 22.3874 22.4034 22.4224 22.4442 22.4691 22.497 22.5281 22.5623 22.5997 22.6404 22.6845 22.7319 22.7829 22.8374 22.8954 22.9571 23.0224 23.0914 23.1638 23.2558 23.3729 23.4986 23.633 23.7761 23.9282 24.0896 24.2605 24.4412 24.6321 24.8334 25.0455 25.2687 25.5034 25.7501 26.0089 26.2805 26.565 26.8631 27.175 27.5012 27.8422 28.1983 28.5701 28.9581 29.3628 29.7846 30.2243 30.6824 31.1597 31.657 32.1754 32.7167 33 
22.3657 22.3614 22.3553 22.3519 22.3512 22.3532 22.3579 22.3654 22.3757 22.3889 22.4049 22.4238 22.4456 22.4705 22.4984 22.5295 22.5637 22.6012 22.6419 22.6861 22.7337 22.7848 22.8395 22.8978 22.9598 23.0257 23.0953 23.1688 23.2624 23.381 23.5078 23.6431 23.787 23.9398 24.1017 24.2731 24.4542 24.6455 24.8472 25.0596 25.2832 25.5183 25.7652 26.0244 26.2963 26.5812 26.8795 27.1916 27.5181 27.8592 28.2155 28.5873 28.9752 29.3796 29.801 30.24 30.697 31.1728 31.6679 32.1832 32.7199 33 
22.368 22.3636 22.3575 22.3541 22.3534 22.3554 22.3601 22.3676 22.3779 22.391 22.407 22.4259 22.4477 22.4726 22.5005 22.5316 22.5658 22.6033 22.6441 22.6884 22.7361 22.7873 22.8422 22.9009 22.9633 23.0297 23.1001 23.1747 23.2709 23.3912 23.5193 23.6555 23.8002 23.9537 24.1162 24.2882 24.4698 24.6615 24.8636 25.0765 25.3005 25.536 25.7833 26.0429 26.3151 26.6003 26.8989 27.2114 27.5381 27.8795 28.2359 28.6078 28.9956 29.3998 29.8208 30.2591 30.7151 31.1892 31.6821 32.194 32.7252 33 
22.371 22.3666 22.3605 22.3571 22.3563 22.3583 22.363 22.3705 22.3808 22.3939 22.4098 22.4287 22.4505 22.4754 22.5033 22.5343 22.5686 22.6061 22.647 22.6913 22.7391 22.7905 22.8456 22.9046 22.9674 23.0343 23.1055 23.1811 23.2789 23.4007 23.53 23.6671 23.8126 23.9667 24.1298 24.3022 24.4843 24.6764 24.8788 25.092 25.3164 25.5521 25.7998 26.0597 26.3322 26.6177 26.9166 27.2293 27.5562 27.8977 28.2542 28.6262 29.0139 29.4178 29.8383 30.2757 30.7306 31.2031 31.6936 32.2022 32.7286 33 
22.3746 22.3702 22.3641 22.3607 22.36 22.3619 22.3666 22.3741 22.3843 22.3974 22.4133 22.4321 22.4539 22.4788 22.5067 22.5377 22.572 22.6095 22.6504 22.6948 22.7427 22.7943 22.8496 22.9088 22.972 23.0394 23.1112 23.1877 23.2867 23.4097 23.54 23.678 23.8241 23.9788 24.1423 24.3151 24.4976 24.69 24.8928 25.1062 25.3308 25.5668 25.8147 26.0748 26.3476 26.6333 26.9324 27.2453 27.5724 27.914 28.2705 28.6424 29.0299 29.4335 29.8534 30.2901 30.7438 31.2147 31.703 32.2085 32.7309 33 
22.379 22.3746 22.3685 22.365 22.3643 22.3662 22.3709 22.3783 22.3885 22.4016 22.4174 22.4363 22.458 22.4828 22.5107 22.5417 22.576 22.6135 22.6545 22.6989 22.7469 22.7986 22.8541 22.9136 22.9771 23.0449 23.1172 23.1944 23.2943 23.4183 23.5494 23.6881 23.8348 23.9899 24.1539 24.327 24.5097 24.7024 24.9054 25.1191 25.3438 25.58 25.8281 26.0884 26.3612 26.6471 26.9464 27.2594 27.5866 27.9283 28.2848 28.6565 29.0439 29.4471 29.8665 30.3024 30.7549 31.2243 31.7106 32.2135 32.7327 33 
22.384 22.3796 22.3735 22.3701 22.3693 22.3712 22.3759 22.3832 22.3934 22.4064 22.4222 22.441 22.4627 22.4875 22.5153 22.5463 22.5805 22.6181 22.6591 22.7035 22.7516 22.8034 22.8591 22.9187 22.9826 23.0507 23.1235 23.2011 23.3017 23.4265 23.5583 23.6975 23.8447 24.0002 24.1644 24.3378 24.5208 24.7136 24.9167 25.1305 25.3554 25.5917 25.8398 26.1002 26.3732 26.6592 26.9586 27.2717 27.5989 27.9406 28.297 28.6687 29.0558 29.4587 29.8775 30.3127 30.7642 31.2322 31.7167 32.2175 32.7341 33 
22.3897 22.3853 22.3792 22.3757 22.3749 22.3768 22.3814 22.3888 22.3989 22.4119 22.4276 22.4463 22.468 22.4927 22.5205 22.5515 22.5857 22.6232 22.6642 22.7087 22.7568 22.8087 22.8645 22.9243 22.9883 23.0568 23.1299 23.2079 23.309 23.4344 23.5667 23.7063 23.8538 24.0096 24.1741 24.3476 24.5306 24.7235 24.9267 25.1405 25.3654 25.6018 25.85 26.1104 26.3834 26.6695 26.9689 27.282 27.6092 27.9509 28.3073 28.6789 29.0658 29.4683 29.8867 30.3212 30.7718 31.2386 31.7217 32.2206 32.7352 33 
22.396 22.3916 22.3855 22.3821 22.3812 22.3831 22.3877 22.395 22.4051 22.4179 22.4337 22.4523 22.4739 22.4985 22.5263 22.5572 22.5913 22.6289 22.6698 22.7143 22.7624 22.8144 22.8702 22.9302 22.9944 23.063 23.1364 23.2147 23.3162 23.4419 23.5745 23.7145 23.8622 24.0181 24.1827 24.3563 24.5393 24.7322 24.9354 25.1492 25.374 25.6103 25.8585 26.1189 26.3919 26.6779 26.9773 27.2904 27.6176 27.9593 28.3157 28.6871 29.0738 29.4761 29.8941 30.328 30.7779 31.2437 31.7255 32.2231 32.736 33 
22.403 22.3986 22.3925 22.389 22.3882 22.39 22.3945 22.4018 22.4118 22.4246 22.4403 22.4588 22.4804 22.5049 22.5326 22.5634 22.5975 22.635 22.6759 22.7203 22.7685 22.8204 22.8763 22.9363 23.0007 23.0694 23.143 23.2215 23.3231 23.4491 23.582 23.722 23.8699 24.0258 24.1904 24.3639 24.5469 24.7397 24.9427 25.1564 25.3811 25.6173 25.8653 26.1256 26.3985 26.6845 26.9838 27.2969 27.6241 27.9657 28.322 28.6934 29.08 29.482 29.8997 30.3332 30.7825 31.2476 31.7285 32.2249 32.7366 33 
22.4106 22.4062 22.4001 22.3966 22.3957 22.3975 22.402 22.4092 22.4191 22.4319 22.4475 22.4659 22.4874 22.5119 22.5394 22.5702 22.6042 22.6416 22.6824 22.7268 22.7749 22.8268 22.8827 22.9428 23.0071 23.076 23.1496 23.2281 23.3299 23.456 23.5889 23.729 23.8768 24.0326 24.1971 24.3704 24.5532 24.7458 24.9486 25.1621 25.3866 25.6226 25.8704 26.1306 26.4034 26.6892 26.9885 27.3015 27.6286 27.9702 28.3265 28.6977 29.0842 29.4862 29.9037 30.3368 30.7857 31.2503 31.7305 32.2262 32.7371 33 
22.4188 22.4145 22.4083 22.4048 22.4039 22.4057 22.4101 22.4172 22.4271 22.4397 22.4552 22.4736 22.4949 22.5193 22.5468 22.5774 22.6113 22.6486 22.6893 22.7336 22.7817 22.8335 22.8894 22.9494 23.0137 23.0826 23.1562 23.2347 23.3365 23.4625 23.5953 23.7353 23.8829 24.0386 24.2027 24.3759 24.5583 24.7506 24.9531 25.1663 25.3905 25.6262 25.8738 26.1337 26.4063 26.692 26.9911 27.304 27.6311 27.9727 28.3289 28.7002 29.0867 29.4885 29.906 30.339 30.7877 31.252 31.7318 32.227 32.7374 33 
22.4276 22.4233 22.4171 22.4136 22.4127 22.4144 22.4187 22.4258 22.4355 22.4481 22.4635 22.4817 22.503 22.5272 22.5545 22.5851 22.6188 22.656 22.6966 22.7408 22.7887 22.8405 22.8963 22.9562 23.0204 23.0892 23.1627 23.2412 23.3429 23.4687 23.6013 23.741 23.8883 24.0436 24.2074 24.3801 24.5622 24.7541 24.9562 25.1689 25.3927 25.6281 25.8754 26.135 26.4073 26.6928 26.9917 27.3046 27.6316 27.9731 28.3294 28.7007 29.0872 29.4892 29.9066 30.3397 30.7883 31.2526 31.7323 32.2273 32.7375 33 
22.437 22.4327 22.4265 22.423 22.422 22.4236 22.4279 22.4349 22.4445 22.457 22.4723 22.4904 22.5115 22.5356 22.5628 22.5932 22.6268 22.6638 22.7043 22.7483 22.7961 22.8477 22.9033 22.9631 23.0272 23.0959 23.1693 23.2476 23.349 23.4745 23.6067 23.746 23.8929 24.0478 24.2111 24.3833 24.5648 24.7562 24.9577 25.17 25.3933 25.6282 25.8751 26.1343 26.4063 26.6915 26.9903 27.303 27.63 27.9715 28.3278 28.6992 29.0859 29.488 29.9057 30.3389 30.7878 31.2522 31.732 32.2272 32.7374 33 
22.447 22.4427 22.4365 22.4329 22.4319 22.4334 22.4376 22.4445 22.4541 22.4664 22.4815 22.4996 22.5205 22.5444 22.5715 22.6017 22.6351 22.6719 22.7122 22.7561 22.8037 22.8551 22.9106 22.9702 23.0341 23.1026 23.1757 23.2538 23.3548 23.4799 23.6117 23.7504 23.8967 24.051 24.2137 24.3852 24.5661 24.7568 24.9577 25.1694 25.3921 25.6265 25.8728 26.1316 26.4033 26.6882 26.9867 27.2993 27.6262 27.9677 28.3241 28.6957 29.0826 29.485 29.903 30.3367 30.7859 31.2507 31.731 32.2265 32.7372 33 
22.4575 22.4532 22.447 22.4434 22.4423 22.4438 22.4479 22.4547 22.4641 22.4763 22.4913 22.5092 22.5299 22.5537 22.5805 22.6105 22.6438 22.6804 22.7205 22.7641 22.8115 22.8628 22.918 22.9774 23.041 23.1092 23.1821 23.2598 23.3604 23.4849 23.616 23.7541 23.8997 24.0532 24.2151 24.3859 24.5661 24.756 24.9562 25.1671 25.3892 25.6229 25.8686 26.1269 26.3981 26.6827 26.9809 27.2933 27.6201 27.9617 28.3183 28.6901 29.0774 29.4802 29.8987 30.3329 30.7828 31.2482 31.7292 32.2255 32.7369 33 
22.4686 22.4643 22.4581 22.4544 22.4532 22.4546 22.4587 22.4653 22.4746 22.4867 22.5015 22.5192 22.5398 22.5633 22.59 22.6198 22.6528 22.6892 22.729 22.7724 22.8195 22.8705 22.9255 22.9846 23.048 23.1158 23.1883 23.2657 23.3657 23.4895 23.6199 23.7571 23.9018 24.0545 24.2155 24.3854 24.5646 24.7536 24.9529 25.163 25.3843 25.6173 25.8624 26.12 26.3907 26.6749 26.9728 27.285 27.6118 27.9534 28.3102 28.6823 29.07 29.4734 29.8926 30.3276 30.7783 31.2447 31.7266 32.2239 32.7363 33 
22.4802 22.4758 22.4696 22.4659 22.4647 22.466 22.4699 22.4764 22.4856 22.4975 22.5121 22.5296 22.55 22.5734 22.5998 22.6293 22.6621 22.6982 22.7378 22.7809 22.8277 22.8784 22.9331 22.9918 23.0549 23.1224 23.1945 23.2714 23.3708 23.4937 23.6231 23.7594 23.9031 24.0547 24.2147 24.3835 24.5617 24.7497 24.948 25.1571 25.3775 25.6096 25.8539 26.1109 26.381 26.6647 26.9623 27.2743 27.601 27.9427 28.2997 28.6723 29.0606 29.4647 29.8847 30.3207 30.7725 31.2401 31.7233 32.2219 32.7357 33 
22.4923 22.4879 22.4817 22.4779 22.4766 22.4778 22.4816 22.488 22.497 22.5087 22.5232 22.5405 22.5606 22.5837 22.6099 22.6392 22.6717 22.7075 22.7467 22.7895 22.8361 22.8864 22.9407 22.9991 23.0618 23.1289 23.2005 23.2769 23.3755 23.4975 23.6258 23.7609 23.9034 24.0538 24.2126 24.3802 24.5572 24.7441 24.9413 25.1493 25.3686 25.5998 25.8432 26.0995 26.3689 26.652 26.9493 27.261 27.5876 27.9295 28.2868 28.6598 29.0488 29.4538 29.8749 30.3121 30.7652 31.2343 31.7191 32.2193 32.7348 33 
22.5049 22.5005 22.4943 22.4904 22.489 22.4901 22.4938 22.5 22.5088 22.5204 22.5346 22.5517 22.5716 22.5944 22.6203 22.6493 22.6815 22.717 22.7559 22.7983 22.8445 22.8945 22.9484 23.0064 23.0687 23.1353 23.2065 23.2823 23.38 23.5008 23.6278 23.7616 23.9028 24.0518 24.2093 24.3755 24.5512 24.7368 24.9327 25.1395 25.3577 25.5877 25.8302 26.0855 26.3542 26.6368 26.9336 27.245 27.5716 27.9136 28.2713 28.6449 29.0347 29.4407 29.863 30.3016 30.7564 31.2273 31.714 32.2162 32.7338 33 
22.518 22.5136 22.5073 22.5034 22.5019 22.5028 22.5063 22.5124 22.5211 22.5324 22.5464 22.5632 22.5829 22.6054 22.631 22.6597 22.6915 22.7266 22.7652 22.8073 22.853 22.9025 22.956 23.0136 23.0755 23.1417 23.2123 23.2875 23.3843 23.5037 23.6293 23.7616 23.9012 24.0487 24.2046 24.3694 24.5435 24.7276 24.9221 25.1276 25.3445 25.5733 25.8147 26.069 26.3369 26.6187 26.915 27.2262 27.5527 27.8948 28.2529 28.6273 29.018 29.4252 29.849 30.2893 30.746 31.219 31.7079 32.2126 32.7325 33 
22.5315 22.5272 22.5208 22.5168 22.5152 22.516 22.5193 22.5252 22.5336 22.5448 22.5585 22.5751 22.5945 22.6167 22.642 22.6703 22.7017 22.7365 22.7746 22.8162 22.8615 22.9106 22.9637 23.0208 23.0822 23.1479 23.2181 23.2926 23.3884 23.5062 23.63 23.7606 23.8985 24.0443 24.1985 24.3616 24.5342 24.7167 24.9096 25.1135 25.329 25.5565 25.7966 26.0499 26.3168 26.5978 26.8935 27.2044 27.5308 27.8731 28.2317 28.6067 28.9985 29.4071 29.8326 30.2749 30.7339 31.2093 31.7008 32.2082 32.7311 33 
22.5456 22.5413 22.5348 22.5306 22.5288 22.5295 22.5327 22.5383 22.5466 22.5575 22.571 22.5873 22.6063 22.6283 22.6531 22.6811 22.7121 22.7464 22.7841 22.8253 22.8701 22.9187 22.9712 23.0279 23.0887 23.154 23.2238 23.2979 23.3924 23.5083 23.6301 23.7587 23.8947 24.0386 24.191 24.3523 24.523 24.7037 24.8949 25.0972 25.3111 25.5371 25.7758 26.0278 26.2936 26.5738 26.8689 27.1794 27.5056 27.8481 28.2072 28.5832 28.9762 29.3864 29.8137 30.2583 30.7198 31.198 31.6927 32.2033 32.7294 33 
22.5602 22.5559 22.5492 22.5448 22.5429 22.5434 22.5463 22.5518 22.5598 22.5705 22.5837 22.5997 22.6184 22.64 22.6645 22.692 22.7227 22.7565 22.7937 22.8344 22.8787 22.9267 22.9787 23.0347 23.0951 23.1599 23.2294 23.3033 23.3967 23.51 23.6295 23.7559 23.8897 24.0316 24.1819 24.3412 24.51 24.6887 24.8781 25.0785 25.2906 25.515 25.7521 26.0028 26.2674 26.5466 26.8409 27.1509 27.477 27.8197 28.1794 28.5563 28.9506 29.3626 29.7922 30.2392 30.7037 31.1851 31.6832 32.1975 32.7275 33 
22.5775 22.5724 22.5653 22.5607 22.5585 22.5588 22.5616 22.5668 22.5746 22.5849 22.5979 22.6135 22.6319 22.653 22.6771 22.7041 22.7343 22.7676 22.8042 22.8442 22.8879 22.9353 22.9866 23.042 23.1017 23.166 23.2352 23.31 23.4017 23.5112 23.6279 23.7519 23.8834 24.0231 24.1712 24.3283 24.495 24.6716 24.8589 25.0573 25.2675 25.49 25.7255 25.9746 26.2378 26.5159 26.8094 27.1189 27.4448 27.7876 28.1479 28.5258 28.9217 29.3356 29.7676 30.2176 30.6853 31.1704 31.6725 32.191 32.7253 33 
22.5952 22.5901 22.5827 22.5779 22.5755 22.5756 22.5781 22.5831 22.5906 22.6006 22.6132 22.6284 22.6464 22.6671 22.6906 22.7171 22.7466 22.7793 22.8153 22.8546 22.8975 22.9442 22.9947 23.0493 23.1083 23.1718 23.2404 23.3147 23.4046 23.5111 23.6251 23.7466 23.8758 24.013 24.1588 24.3136 24.4779 24.6523 24.8373 25.0335 25.2416 25.4621 25.6957 25.943 26.2048 26.4816 26.7741 27.0829 27.4086 27.7516 28.1124 28.4915 28.889 29.3051 29.7398 30.193 30.6644 31.1537 31.6603 32.1836 32.7228 33 
22.6127 22.6077 22.6002 22.5952 22.5926 22.5924 22.5947 22.5994 22.6066 22.6163 22.6285 22.6433 22.6608 22.681 22.704 22.7299 22.7588 22.7909 22.8261 22.8647 22.9068 22.9526 23.0022 23.056 23.114 23.1767 23.2444 23.3177 23.4057 23.5097 23.6211 23.74 23.8666 24.0014 24.1447 24.2969 24.4588 24.6307 24.8132 25.007 25.2128 25.431 25.6626 25.908 26.168 26.4434 26.7348 27.0428 27.3681 27.7112 28.0727 28.4529 28.8522 29.2707 29.7084 30.1652 30.6408 31.1348 31.6465 32.1751 32.72 33 
22.6302 22.6251 22.6175 22.6124 22.6096 22.6093 22.6113 22.6158 22.6226 22.632 22.6438 22.6582 22.6752 22.6949 22.7173 22.7426 22.7708 22.8021 22.8366 22.8744 22.9157 22.9605 23.0092 23.062 23.119 23.1807 23.2472 23.3192 23.4053 23.5068 23.6157 23.7319 23.856 23.988 24.1287 24.2783 24.4374 24.6066 24.7865 24.9777 25.1809 25.3967 25.6259 25.8692 26.1274 26.4011 26.6912 26.9983 27.3231 27.6663 28.0284 28.4098 28.811 29.2321 29.6731 30.1339 30.6142 31.1134 31.6308 32.1656 32.7167 33 
22.6475 22.6425 22.6349 22.6296 22.6267 22.6261 22.6279 22.6321 22.6386 22.6476 22.659 22.673 22.6895 22.7086 22.7305 22.7551 22.7826 22.8132 22.8468 22.8838 22.9241 22.968 23.0157 23.0673 23.1232 23.1836 23.2489 23.3193 23.4034 23.5026 23.6088 23.7224 23.8437 23.973 24.1107 24.2575 24.4138 24.5801 24.7571 24.9455 25.1459 25.359 25.5857 25.8266 26.0826 26.3544 26.643 26.9489 27.2732 27.6163 27.979 28.3617 28.7649 29.1888 29.6335 30.0987 30.5842 31.0892 31.6131 32.1548 32.7131 33 
22.6649 22.6599 22.6522 22.6468 22.6437 22.643 22.6445 22.6484 22.6546 22.6632 22.6742 22.6877 22.7037 22.7222 22.7435 22.7674 22.7942 22.8239 22.8567 22.8927 22.9321 22.9749 23.0215 23.072 23.1266 23.1856 23.2494 23.3182 23.4002 23.4969 23.6005 23.7113 23.8297 23.9561 24.0909 24.2346 24.3878 24.551 24.7249 24.9102 25.1076 25.3177 25.5416 25.7798 26.0334 26.3031 26.5899 26.8945 27.218 27.5609 27.9241 28.3081 28.7134 29.1404 29.589 30.0591 30.5503 31.062 31.5931 32.1426 32.709 33 
22.6821 22.6771 22.6694 22.6639 22.6607 22.6597 22.661 22.6646 22.6705 22.6787 22.6893 22.7023 22.7177 22.7357 22.7563 22.7795 22.8055 22.8344 22.8663 22.9013 22.9396 22.9813 23.0267 23.0759 23.1291 23.1867 23.2488 23.3158 23.3958 23.4898 23.5907 23.6986 23.814 23.9373 24.069 24.2094 24.3593 24.5192 24.6898 24.8717 25.0658 25.2727 25.4934 25.7287 25.9796 26.2469 26.5316 26.8347 27.1571 27.4996 27.8632 28.2485 28.6561 29.0862 29.5391 30.0146 30.5122 31.0312 31.5705 32.1287 32.7044 33 
22.6993 22.6943 22.6865 22.6809 22.6776 22.6764 22.6775 22.6808 22.6863 22.6942 22.7043 22.7168 22.7317 22.749 22.7689 22.7914 22.8166 22.8446 22.8755 22.9095 22.9467 22.9872 23.0313 23.0791 23.1308 23.1868 23.2472 23.3124 23.39 23.4814 23.5794 23.6844 23.7966 23.9167 24.045 24.182 24.3284 24.4848 24.6517 24.83 25.0205 25.2239 25.4411 25.6731 25.9209 26.1854 26.4677 26.7689 27.09 27.432 27.7959 28.1824 28.5922 29.0257 29.4833 29.9646 30.4693 30.9965 31.545 32.1131 32.6991 33 
22.7164 22.7114 22.7036 22.6979 22.6944 22.693 22.6939 22.6969 22.7021 22.7095 22.7192 22.7311 22.7455 22.7622 22.7813 22.803 22.8274 22.8545 22.8844 22.9173 22.9533 22.9925 23.0352 23.0816 23.1318 23.186 23.2446 23.3077 23.383 23.4716 23.5667 23.6685 23.7775 23.8941 24.0189 24.1523 24.295 24.4475 24.6106 24.7849 24.9715 25.171 25.3844 25.6127 25.8571 26.1184 26.398 26.6969 27.0164 27.3575 27.7214 28.109 28.521 28.9582 29.4207 29.9085 30.421 30.9573 31.5161 32.0954 32.6931 33 
22.7333 22.7284 22.7205 22.7147 22.7111 22.7096 22.7102 22.7129 22.7177 22.7247 22.7339 22.7454 22.7591 22.7751 22.7936 22.8145 22.8379 22.864 22.8929 22.9246 22.9594 22.9973 23.0386 23.0834 23.1319 23.1843 23.241 23.302 23.3748 23.4605 23.5525 23.651 23.7566 23.8697 23.9907 24.1202 24.2589 24.4073 24.5662 24.7364 24.9186 25.1139 25.3231 25.5474 25.7878 26.0456 26.322 26.6182 26.9356 27.2755 27.6392 28.0276 28.4419 28.8828 29.3506 29.8453 30.3664 30.913 31.4833 32.0753 32.6863 33 
22.7502 22.7452 22.7373 22.7315 22.7277 22.726 22.7263 22.7287 22.7332 22.7398 22.7486 22.7595 22.7726 22.7879 22.8056 22.8256 22.8482 22.8732 22.901 22.9315 22.965 23.0015 23.0413 23.0844 23.1312 23.1818 23.2364 23.2953 23.3655 23.4481 23.5368 23.632 23.7339 23.8432 23.9603 24.0858 24.2202 24.3643 24.5187 24.6843 24.8619 25.0525 25.2571 25.4769 25.713 25.9666 26.2393 26.5324 26.8473 27.1855 27.5484 27.9375 28.3539 28.7985 29.2719 29.7741 30.3048 30.8627 31.446 32.0523 32.6786 33 
22.7669 22.7619 22.754 22.7481 22.7442 22.7423 22.7424 22.7445 22.7486 22.7548 22.763 22.7734 22.7858 22.8005 22.8174 22.8366 22.8581 22.8822 22.9088 22.9381 22.9702 23.0052 23.0434 23.0849 23.1298 23.1784 23.2308 23.2874 23.3549 23.4344 23.5197 23.6113 23.7095 23.8148 23.9278 24.0489 24.1789 24.3183 24.4679 24.6285 24.8012 24.9867 25.1862 25.401 25.6322 25.8812 26.1496 26.4389 26.7506 27.0866 27.4485 27.8378 28.256 28.7044 29.1836 29.6939 30.2349 30.8055 31.4035 32.0261 32.6697 33 
22.7834 22.7785 22.7705 22.7645 22.7605 22.7584 22.7582 22.7601 22.7638 22.7696 22.7774 22.7871 22.7989 22.8129 22.8289 22.8472 22.8678 22.8908 22.9162 22.9442 22.9749 23.0084 23.0449 23.0846 23.1276 23.1741 23.2244 23.2786 23.3432 23.4194 23.5012 23.5891 23.6833 23.7845 23.8931 24.0097 24.1348 24.2693 24.4138 24.5691 24.7363 24.9163 25.1103 25.3195 25.5452 25.789 26.0524 26.3372 26.6452 26.9783 27.3384 27.7275 28.1472 28.5991 29.0843 29.6032 30.1557 30.7403 31.3549 31.9961 32.6596 33 
22.7998 22.7949 22.7869 22.7808 22.7766 22.7744 22.774 22.7755 22.7789 22.7843 22.7915 22.8007 22.8119 22.825 22.8403 22.8577 22.8772 22.899 22.9232 22.9499 22.9791 23.0111 23.0459 23.0837 23.1247 23.1691 23.217 23.2687 23.3304 23.4032 23.4813 23.5653 23.6554 23.7522 23.8562 23.968 24.0881 24.2173 24.3563 24.506 24.6673 24.8413 25.0292 25.2322 25.4519 25.6897 25.9475 26.227 26.5304 26.8598 27.2174 27.6055 28.0262 28.4814 28.9726 29.5006 30.0654 30.6658 31.2991 31.9615 32.6479 33 
22.816 22.811 22.803 22.7969 22.7926 22.7901 22.7895 22.7908 22.7938 22.7987 22.8055 22.8141 22.8246 22.837 22.8514 22.8678 22.8863 22.907 22.9299 22.9552 22.9829 23.0132 23.0463 23.0822 23.1211 23.1632 23.2087 23.2579 23.3166 23.3857 23.4601 23.5399 23.6258 23.718 23.8172 23.9239 24.0387 24.1623 24.2955 24.4391 24.5941 24.7616 24.9428 25.1391 25.352 25.5831 25.8343 26.1077 26.4056 26.7303 27.0844 27.4707 27.8916 28.3496 28.8467 29.3842 29.9624 30.5801 31.2347 31.9214 32.6343 33 
22.8319 22.827 22.8189 22.8127 22.8083 22.8057 22.8049 22.8058 22.8086 22.813 22.8193 22.8273 22.8371 22.8488 22.8623 22.8777 22.8952 22.9147 22.9363 22.9601 22.9863 23.0149 23.0461 23.08 23.1168 23.1566 23.1996 23.2461 23.3016 23.3671 23.4374 23.5131 23.5945 23.682 23.7761 23.8775 23.9867 24.1043 24.2313 24.3684 24.5167 24.6772 24.8511 25.0399 25.2453 25.4688 25.7126 25.9789 26.2701 26.589 26.9385 27.3218 27.7419 28.202 28.7046 29.2518 29.8443 30.4814 31.1599 31.8748 32.6184 33 
22.8476 22.8427 22.8346 22.8283 22.8238 22.8211 22.82 22.8207 22.8231 22.8271 22.8329 22.8403 22.8494 22.8603 22.873 22.8874 22.9038 22.922 22.9423 22.9647 22.9892 23.0161 23.0454 23.0773 23.1118 23.1493 23.1897 23.2335 23.2857 23.3473 23.4136 23.4848 23.5615 23.6441 23.733 23.8288 23.932 24.0435 24.1638 24.294 24.435 24.5879 24.754 24.9347 25.1316 25.3467 25.582 25.84 26.1234 26.4351 26.7786 27.1575 27.5755 28.0365 28.544 29.1008 29.7085 30.3668 31.0726 31.82 32.5997 33 
22.863 22.8581 22.85 22.8437 22.8391 22.8362 22.835 22.8354 22.8374 22.8411 22.8463 22.8531 22.8616 22.8717 22.8834 22.8969 22.9121 22.9291 22.948 22.9689 22.9918 23.0169 23.0442 23.074 23.1062 23.1412 23.1791 23.2199 23.2688 23.3264 23.3884 23.4552 23.527 23.6044 23.6878 23.7778 23.8748 23.9797 24.0931 24.216 24.3492 24.4939 24.6515 24.8233 25.011 25.2166 25.4424 25.6908 25.9649 26.2679 26.6037 26.9764 27.3906 27.851 28.3622 28.9282 29.5517 30.2332 30.9699 31.7551 32.5775 33 
22.8781 22.8732 22.8651 22.8588 22.8541 22.8511 22.8497 22.8498 22.8516 22.8548 22.8595 22.8658 22.8735 22.8828 22.8936 22.9061 22.9201 22.9359 22.9534 22.9727 22.9939 23.0172 23.0425 23.0701 23.1001 23.1325 23.1676 23.2056 23.2509 23.3045 23.3621 23.4242 23.491 23.5631 23.6408 23.7246 23.8152 23.9131 24.0192 24.1343 24.2593 24.3953 24.5436 24.7057 24.8834 25.0785 25.2935 25.531 25.7942 26.0867 26.4128 26.7772 27.1853 27.643 28.1561 28.7302 29.3696 30.0763 30.8481 31.6775 32.5508 33 
22.8929 22.888 22.8799 22.8735 22.8688 22.8657 22.8641 22.8641 22.8655 22.8683 22.8726 22.8782 22.8853 22.8938 22.9037 22.9151 22.928 22.9424 22.9585 22.9762 22.9958 23.0171 23.0404 23.0658 23.0934 23.1232 23.1555 23.1905 23.2322 23.2816 23.3347 23.3919 23.4536 23.5201 23.5918 23.6693 23.7532 23.8439 23.9423 24.0491 24.1653 24.292 24.4305 24.5821 24.7487 24.9323 25.1352 25.3602 25.6108 25.8908 26.2048 26.5584 26.9577 27.4098 27.9221 28.5025 29.1573 29.8908 30.7022 31.5836 32.5183 33 
22.9073 22.9024 22.8943 22.8879 22.8832 22.88 22.8783 22.878 22.8792 22.8816 22.8854 22.8905 22.8968 22.9045 22.9135 22.9238 22.9356 22.9487 22.9633 22.9795 22.9972 23.0167 23.0379 23.061 23.0861 23.1133 23.1428 23.1746 23.2127 23.2577 23.3062 23.3584 23.4148 23.4755 23.5412 23.6121 23.6889 23.7721 23.8624 23.9606 24.0676 24.1844 24.3122 24.4526 24.6072 24.778 24.9675 25.1785 25.4145 25.6797 25.9791 26.3187 26.7057 27.1485 27.6566 28.24 28.9086 29.6698 30.5255 31.4684 32.4781 33 
22.9212 22.9163 22.9083 22.9019 22.8972 22.894 22.8922 22.8918 22.8927 22.8948 22.8981 22.9026 22.9082 22.9151 22.9232 22.9324 22.9429 22.9547 22.9679 22.9824 22.9984 23.0159 23.035 23.0558 23.0784 23.1029 23.1294 23.1581 23.1924 23.233 23.2767 23.3239 23.3747 23.4296 23.4889 23.553 23.6225 23.6979 23.7798 23.8689 23.9661 24.0725 24.1891 24.3174 24.459 24.616 24.7906 24.9859 25.2053 25.4532 25.7349 26.0571 26.4277 26.8565 27.3552 27.937 28.6159 29.4042 30.3089 31.3246 32.4274 33 
22.9347 22.9298 22.9218 22.9155 22.9109 22.9077 22.9059 22.9053 22.9059 22.9077 22.9106 22.9145 22.9195 22.9255 22.9326 22.9408 22.9501 22.9606 22.9722 22.9851 22.9993 23.0148 23.0317 23.0502 23.0702 23.092 23.1155 23.141 23.1715 23.2075 23.2464 23.2883 23.3335 23.3823 23.4351 23.4922 23.5542 23.6214 23.6945 23.7742 23.8613 23.9566 24.0613 24.1767 24.3045 24.4464 24.6048 24.7825 24.9832 25.2112 25.472 25.7726 26.1219 26.5309 27.0136 27.5869 28.2699 29.0824 30.0393 31.1413 32.3617 33 
22.9476 22.9427 22.9348 22.9287 22.9241 22.921 22.9192 22.9186 22.919 22.9204 22.9229 22.9262 22.9305 22.9358 22.9419 22.9491 22.9571 22.9662 22.9764 22.9876 22.9999 23.0134 23.0281 23.0442 23.0617 23.0806 23.1011 23.1233 23.1499 23.1813 23.2152 23.2518 23.2912 23.3338 23.38 23.4299 23.4841 23.5429 23.607 23.6769 23.7533 23.8371 23.9293 24.0311 24.1439 24.2697 24.4104 24.569 24.7487 24.954 25.1904 25.465 25.7873 26.1695 26.6276 27.1825 27.8597 28.6891 29.6987 30.9019 32.2735 33 
22.9598 22.9549 22.9472 22.9413 22.937 22.934 22.9323 22.9316 22.9319 22.933 22.935 22.9379 22.9415 22.9459 22.9511 22.9572 22.964 22.9717 22.9803 22.9898 23.0003 23.0118 23.0243 23.0379 23.0528 23.0689 23.0863 23.1052 23.1278 23.1545 23.1833 23.2144 23.248 23.2843 23.3236 23.3662 23.4124 23.4626 23.5173 23.5771 23.6424 23.7142 23.7933 23.8808 23.978 24.0865 24.2083 24.3459 24.5025 24.6823 24.8906 25.1345 25.4235 25.7706 26.1936 26.7169 27.3732 28.2051 29.261 30.5796 32.1497 33 
22.9712 22.9664 22.9589 22.9533 22.9493 22.9467 22.9451 22.9444 22.9445 22.9454 22.947 22.9493 22.9523 22.9559 22.9602 22.9651 22.9707 22.9771 22.9841 22.9919 23.0005 23.0099 23.0202 23.0314 23.0436 23.0568 23.0711 23.0866 23.1052 23.1272 23.1509 23.1764 23.204 23.2339 23.2662 23.3013 23.3393 23.3807 23.4258 23.4751 23.5291 23.5885 23.654 23.7265 23.8072 23.8974 23.999 24.1141 24.2456 24.3972 24.5737 24.782 25.0312 25.3341 25.7094 26.1839 26.7974 27.6069 28.6895 30.1302 31.9641 33 
22.9817 22.9769 22.9698 22.9647 22.9613 22.959 22.9576 22.957 22.957 22.9577 22.9589 22.9607 22.963 22.9658 22.9691 22.973 22.9774 22.9823 22.9878 22.9939 23.0006 23.0079 23.0159 23.0247 23.0342 23.0445 23.0556 23.0677 23.0822 23.0994 23.1179 23.1378 23.1594 23.1827 23.208 23.2354 23.2651 23.2975 23.3328 23.3714 23.4138 23.4603 23.5117 23.5688 23.6323 23.7034 23.7837 23.8748 23.9793 24.1001 24.2416 24.4096 24.6122 24.8613 25.1748 25.5802 26.1211 26.8679 27.9331 29.4786 31.6596 33 
22.991 22.9861 22.9797 22.9755 22.9727 22.971 22.9699 22.9694 22.9694 22.9699 22.9707 22.972 22.9736 22.9756 22.978 22.9808 22.9839 22.9874 22.9913 22.9957 23.0005 23.0057 23.0115 23.0177 23.0245 23.0319 23.0399 23.0486 23.059 23.0712 23.0845 23.0988 23.1142 23.1309 23.1491 23.1687 23.19 23.2133 23.2386 23.2663 23.2968 23.3302 23.3672 23.4083 23.4541 23.5054 23.5634 23.6294 23.7053 23.7933 23.8967 24.0201 24.17 24.3562 24.5936 24.907 25.3383 25.9637 26.9267 28.4959 31.0977 33 
22.9987 22.9938 22.9886 22.9857 22.9838 22.9827 22.982 22.9817 22.9817 22.982 22.9825 22.9832 22.9842 22.9854 22.9868 22.9885 22.9904 22.9925 22.9948 22.9974 23.0003 23.0035 23.0069 23.0107 23.0148 23.0192 23.024 23.0292 23.0355 23.0428 23.0508 23.0594 23.0687 23.0787 23.0896 23.1014 23.1143 23.1283 23.1435 23.1602 23.1785 23.1987 23.221 23.2458 23.2734 23.3045 23.3395 23.3795 23.4255 23.479 23.5421 23.6176 23.7098 23.825 23.9736 24.1729 24.4548 24.8833 25.6027 26.9713 29.9058 33 
23.004 22.9992 22.9965 22.9953 22.9947 22.9943 22.994 22.9939 22.9939 22.994 22.9942 22.9944 22.9947 22.9951 22.9956 22.9962 22.9968 22.9975 22.9983 22.9992 23.0001 23.0012 23.0023 23.0036 23.0049 23.0064 23.008 23.0098 23.0118 23.0143 23.017 23.0198 23.0229 23.0263 23.0299 23.0339 23.0381 23.0428 23.0479 23.0535 23.0596 23.0663 23.0738 23.0821 23.0913 23.1017 23.1134 23.1268 23.1422 23.1602 23.1814 23.2068 23.2379 23.277 23.3276 23.3962 23.4949 23.6507 23.9374 24.6217 26.9982 33 
23 23 23 23 23 23 23 23 23 23 23 23 23 23 23 23 23 23 23 23 23 23 23 23 23 23 23 23 23 23 23 23 23 23 23 23 23 23 23 23 23 23 23 23 23 23 23 23 23 23 23 23 23 23 23 23 23 23 23 23 23 23 
