9.2193 9.21451 9.19161 9.16933 9.14768 9.12661 9.10611 9.08612 9.06659 9.04747 9.02866 9.0101 8.99166 8.97325 8.95472 8.93591 8.91665 8.8967 8.87583 8.85371 8.82998 8.8042 8.77584 8.74435 8.70273 8.66229 8.63041 8.60597 8.58807 8.57604 8.56944 8.56804 8.57179 8.5808 8.59535 8.61585 8.64284 8.67701 8.71918 8.77033 8.83154 8.90408 8.98934 9.08888 9.20446 9.33799 9.49163 9.66774 9.86895 10.098 10.3576 10.5 
9.2241 9.21233 9.18942 9.16715 9.1455 9.12443 9.10393 9.08394 9.06441 9.04528 9.02648 9.00791 8.98948 8.97107 8.95254 8.93373 8.91446 8.89452 8.87365 8.85153 8.8278 8.80202 8.77366 8.74216 8.69961 8.65918 8.6273 8.60286 8.58495 8.57292 8.56632 8.56492 8.56867 8.57769 8.59224 8.61273 8.63972 8.67389 8.71607 8.76721 8.82843 8.90096 8.98622 9.08577 9.20134 9.33487 9.48851 9.66463 9.86583 10.0949 10.3544 10.5 
9.22871 9.21694 9.19404 9.17177 9.15012 9.12906 9.10855 9.08856 9.06903 9.04989 9.03108 9.01251 8.99408 8.97566 8.95713 8.93833 8.91908 8.89916 8.87833 8.85628 8.83265 8.80698 8.77874 8.74728 8.70413 8.66369 8.63192 8.60756 8.58968 8.57763 8.57096 8.56947 8.57311 8.58199 8.59639 8.61671 8.64352 8.67748 8.71944 8.77033 8.83127 8.9035 8.9884 9.08755 9.20265 9.33564 9.48864 9.66401 9.86441 10.0928 10.3524 10.5 
9.24232 9.23056 9.20767 9.18541 9.16376 9.1427 9.12219 9.10219 9.08265 9.06351 9.04468 9.0261 9.00766 8.98924 8.97071 8.95192 8.9327 8.91283 8.89209 8.87017 8.84672 8.8213 8.79337 8.76217 8.71913 8.679 8.64752 8.62333 8.60551 8.59341 8.58662 8.58494 8.58834 8.59695 8.61104 8.63102 8.65745 8.69101 8.73252 8.78292 8.8433 8.91491 8.99911 9.09744 9.21161 9.3435 9.49522 9.66909 9.86778 10.0944 10.3526 10.5 
9.26498 9.25324 9.23037 9.20812 9.18647 9.16541 9.1449 9.12489 9.10533 9.08618 9.06734 9.04874 9.03028 9.01185 8.99332 8.97455 8.95537 8.93558 8.91495 8.89322 8.87005 8.84503 8.81762 8.78704 8.74469 8.70532 8.67437 8.65047 8.63273 8.62054 8.61355 8.61158 8.61462 8.62281 8.63643 8.6559 8.68176 8.7147 8.75552 8.80517 8.86472 8.93538 9.01852 9.11563 9.2284 9.35866 9.50844 9.68003 9.87601 10.0995 10.3543 10.5 
9.29679 9.28506 9.26221 9.23998 9.21834 9.19728 9.17676 9.15674 9.13717 9.11799 9.09913 9.0805 9.06202 9.04358 9.02505 9.0063 8.98716 8.96747 8.94699 8.9255 8.90269 8.8782 8.85155 8.82202 8.78112 8.74307 8.71292 8.6894 8.67174 8.65943 8.65214 8.64976 8.6523 8.65992 8.6729 8.69167 8.71677 8.74886 8.78876 8.83739 8.89581 8.96521 9.04692 9.14242 9.25332 9.3814 9.52862 9.69714 9.8894 10.1083 10.3575 10.5 
9.33785 9.32613 9.30332 9.2811 9.25948 9.23842 9.21789 9.19785 9.17826 9.15905 9.14016 9.12151 9.103 9.08454 9.066 9.04727 9.02818 9.00858 8.98828 8.96706 8.94468 8.92084 8.89518 8.86719 8.829 8.79292 8.7638 8.74073 8.72313 8.71059 8.70291 8.69999 8.70189 8.70877 8.72093 8.7388 8.76291 8.79393 8.83266 8.87999 8.93698 9.00478 9.0847 9.17816 9.28673 9.41212 9.55617 9.72089 9.90848 10.1214 10.3627 10.5 
9.38828 9.3766 9.35382 9.33163 9.31002 9.28896 9.26842 9.24837 9.22875 9.20951 9.19058 9.17189 9.15334 9.13485 9.11631 9.09758 9.07855 9.05905 9.03892 9.01799 8.99606 8.97292 8.9484 8.92237 8.88942 8.85585 8.82785 8.80519 8.78755 8.7747 8.76648 8.76288 8.76396 8.76992 8.78107 8.79783 8.82073 8.85044 8.88772 8.93346 8.9887 9.05456 9.1323 9.22332 9.32911 9.45129 9.59161 9.75188 9.93403 10.14 10.3714 10.5 
9.44827 9.43661 9.41387 9.39172 9.37012 9.34906 9.32852 9.30844 9.28879 9.26951 9.25054 9.2318 9.21321 9.19469 9.17612 9.15739 9.1384 9.11899 9.09903 9.07838 9.05689 9.03443 9.01095 8.98656 8.95651 8.92501 8.89808 8.87582 8.85812 8.8449 8.83608 8.83167 8.8318 8.83667 8.84659 8.86198 8.88339 8.91144 8.9469 8.99065 9.04367 9.10708 9.1821 9.27007 9.37243 9.49072 9.62657 9.78164 9.95759 10.1559 10.3776 10.5 
9.51797 9.50635 9.48367 9.46154 9.43997 9.41891 9.39836 9.37826 9.35857 9.33925 9.32022 9.30143 9.28279 9.26421 9.24561 9.22687 9.2079 9.18857 9.16876 9.14836 9.12726 9.1054 9.08278 9.05959 9.03129 9.00128 8.97517 8.95319 8.93536 8.92169 8.91215 8.90683 8.90584 8.90943 8.91789 8.93167 8.95127 8.97733 9.0106 9.05192 9.10227 9.16273 9.23447 9.3188 9.41711 9.53086 9.66158 9.81079 9.97998 10.1704 10.3828 10.5 
9.5976 9.58601 9.56339 9.54131 9.51975 9.49871 9.47814 9.45801 9.43829 9.41891 9.39983 9.38097 9.36226 9.34363 9.32498 9.30622 9.28725 9.26797 9.24828 9.22808 9.20731 9.18592 9.16396 9.1416 9.11437 9.08534 9.05977 9.0379 9.01982 9.00557 8.9952 8.98881 8.98655 8.98865 8.99543 9.00732 9.02482 9.04855 9.07924 9.11771 9.16492 9.22191 9.28984 9.36995 9.4636 9.57217 9.69713 9.83991 10.0019 10.1842 10.3876 10.5 
9.68737 9.67583 9.65327 9.63123 9.6097 9.58866 9.56808 9.54792 9.52816 9.50872 9.48957 9.47064 9.45186 9.43315 9.41444 9.39563 9.37665 9.35739 9.33778 9.31774 9.29721 9.27617 9.25468 9.23285 9.20624 9.17777 9.15246 9.13051 9.11203 9.09708 9.08574 9.07813 9.07441 9.07482 9.07969 9.08941 9.1045 9.12555 9.15327 9.18847 9.23207 9.28509 9.34864 9.42396 9.51233 9.61512 9.73373 9.86952 10.0238 10.1977 10.3922 10.5 
9.7875 9.77601 9.75353 9.73155 9.71005 9.68901 9.66842 9.64823 9.62841 9.60892 9.5897 9.57068 9.55181 9.53302 9.51423 9.49536 9.47633 9.45706 9.43749 9.41754 9.39718 9.37638 9.35517 9.33366 9.30735 9.27912 9.25382 9.2316 9.21255 9.19675 9.1843 9.1753 9.16994 9.16845 9.17115 9.17844 9.1908 9.20882 9.23318 9.26467 9.30419 9.35271 9.41135 9.48128 9.56378 9.66018 9.77182 9.90008 10.0462 10.2115 10.3969 10.5 
9.89826 9.88682 9.86442 9.8425 9.82103 9.8 9.77939 9.75917 9.7393 9.71974 9.70044 9.68133 9.66237 9.64347 9.62458 9.60563 9.58653 9.56723 9.54765 9.52774 9.50746 9.48679 9.46574 9.44437 9.41813 9.38988 9.36438 9.34171 9.32194 9.30515 9.29142 9.28087 9.27368 9.27008 9.27037 9.27494 9.28426 9.29889 9.31949 9.34683 9.38177 9.42529 9.47844 9.5424 9.61841 9.70778 9.81186 9.93201 10.0695 10.2257 10.4016 10.5 
10.0199 10.0085 9.98619 9.96433 9.94289 9.92188 9.90126 9.881 9.86108 9.84144 9.82205 9.80285 9.78377 9.76477 9.74576 9.7267 9.70751 9.68813 9.66851 9.64859 9.62833 9.6077 9.5867 9.56534 9.539 9.51054 9.48466 9.46139 9.44076 9.42283 9.40767 9.3954 9.38619 9.38025 9.37788 9.37945 9.38541 9.39629 9.41273 9.43548 9.46536 9.50333 9.55043 9.60781 9.6767 9.7584 9.85428 9.96569 10.094 10.2406 10.4066 10.5 
10.1526 10.1413 10.1191 10.0973 10.0759 10.0549 10.0343 10.014 9.99399 9.97428 9.9548 9.93549 9.9163 9.89716 9.87803 9.85884 9.83953 9.82005 9.80034 9.78036 9.76006 9.73942 9.71839 9.69695 9.67038 9.64158 9.61519 9.59119 9.56957 9.55036 9.53362 9.51946 9.50804 9.49955 9.49427 9.49256 9.49483 9.5016 9.51347 9.53117 9.55549 9.58737 9.62783 9.67801 9.73912 9.81249 9.89947 10.0015 10.12 10.2563 10.4119 10.5 
10.2967 10.2855 10.2634 10.2417 10.2203 10.1993 10.1787 10.1583 10.1383 10.1185 10.0989 10.0795 10.0602 10.0409 10.0216 10.0023 9.98285 9.96324 9.94341 9.92333 9.90296 9.88225 9.86114 9.83956 9.81271 9.78348 9.75649 9.73165 9.70892 9.68831 9.66985 9.65364 9.63981 9.62855 9.62013 9.61485 9.61311 9.6154 9.6223 9.63448 9.65274 9.67797 9.71119 9.75351 9.80617 9.87048 9.94785 10.0397 10.1476 10.273 10.4175 10.5 
10.4525 10.4413 10.4193 10.3977 10.3764 10.3554 10.3347 10.3144 10.2943 10.2744 10.2547 10.2352 10.2157 10.1963 10.1769 10.1574 10.1378 10.118 10.098 10.0778 10.0573 10.0365 10.0153 9.99356 9.9664 9.93671 9.90906 9.88332 9.85939 9.83726 9.81694 9.79852 9.7821 9.76787 9.75605 9.74692 9.74086 9.73831 9.73982 9.74603 9.7577 9.77572 9.80107 9.83486 9.87835 9.93286 9.99983 10.0808 10.1773 10.291 10.4235 10.5 
10.6201 10.609 10.5872 10.5656 10.5443 10.5234 10.5027 10.4823 10.4622 10.4422 10.4224 10.4028 10.3832 10.3636 10.344 10.3243 10.3045 10.2845 10.2644 10.244 10.2234 10.2025 10.1812 10.1593 10.1319 10.1017 10.0734 10.0467 10.0215 9.99779 9.97548 9.9547 9.93552 9.91811 9.90265 9.8894 9.8787 9.87095 9.86665 9.86643 9.87099 9.88121 9.89804 9.92262 9.95617 10.0001 10.0558 10.125 10.2092 10.3103 10.43 10.5 
10.7998 10.7889 10.7671 10.7456 10.7244 10.7035 10.6828 10.6624 10.6422 10.6221 10.6023 10.5825 10.5627 10.543 10.5232 10.5033 10.4833 10.4631 10.4428 10.4222 10.4015 10.3805 10.3591 10.3372 10.3096 10.2791 10.2501 10.2225 10.1959 10.1705 10.1461 10.1228 10.1007 10.0799 10.0606 10.0429 10.0273 10.014 10.0035 9.99632 9.99325 9.99506 10.0027 10.0173 10.0402 10.0726 10.1162 10.1726 10.2437 10.3311 10.4369 10.5 
10.992 10.9811 10.9595 10.9381 10.9169 10.896 10.8753 10.8548 10.8345 10.8144 10.7945 10.7746 10.7547 10.7348 10.7148 10.6947 10.6745 10.6541 10.6335 10.6127 10.5918 10.5707 10.5493 10.5274 10.4998 10.4692 10.4397 10.4111 10.3832 10.3559 10.3293 10.3033 10.2781 10.2538 10.2304 10.2081 10.1872 10.168 10.1509 10.1364 10.1251 10.1179 10.1157 10.1196 10.1309 10.151 10.1815 10.2241 10.2809 10.3536 10.4445 10.5 
11.1966 11.1858 11.1644 11.143 11.1219 11.101 11.0803 11.0598 11.0395 11.0193 10.9992 10.9792 10.9592 10.9391 10.919 10.8986 10.8782 10.8575 10.8367 10.8157 10.7946 10.7734 10.7521 10.7305 10.7032 10.6726 10.6427 10.6131 10.5838 10.5546 10.5257 10.497 10.4685 10.4404 10.4128 10.3856 10.3592 10.3337 10.3096 10.2873 10.2673 10.2505 10.2377 10.2301 10.229 10.2357 10.2521 10.2799 10.3211 10.3779 10.4526 10.5 
11.4141 11.4034 11.382 11.3608 11.3396 11.3187 11.298 11.2775 11.2572 11.237 11.2168 11.1967 11.1765 11.1563 11.1359 11.1154 11.0946 11.0737 11.0526 11.0313 11.01 10.9887 10.9675 10.9464 10.92 10.8899 10.8597 10.8292 10.7983 10.7672 10.7358 10.7042 10.6724 10.6405 10.6083 10.5761 10.5439 10.5119 10.4803 10.4497 10.4205 10.3934 10.3694 10.3495 10.3349 10.3274 10.3285 10.3402 10.3647 10.4043 10.4614 10.5 
11.6445 11.6339 11.6126 11.5914 11.5703 11.5494 11.5287 11.5082 11.4878 11.4675 11.4473 11.4271 11.4068 11.3864 11.3658 11.345 11.324 11.3028 11.2813 11.2597 11.2381 11.2167 11.1957 11.1754 11.1508 11.1217 11.0913 11.0598 11.0274 10.9942 10.9603 10.9257 10.8904 10.8544 10.8177 10.7802 10.7419 10.7031 10.6638 10.6244 10.5854 10.5475 10.5115 10.4784 10.4495 10.4265 10.4112 10.4055 10.412 10.4329 10.471 10.5 
11.888 11.8775 11.8563 11.835 11.8139 11.793 11.7723 11.7518 11.7314 11.7111 11.6908 11.6705 11.6501 11.6296 11.6088 11.5878 11.5665 11.5449 11.5231 11.5011 11.4791 11.4574 11.4365 11.4173 11.3964 11.3689 11.3383 11.3057 11.2715 11.2361 11.1995 11.1619 11.123 11.0829 11.0414 10.9985 10.954 10.908 10.8606 10.8121 10.7629 10.7135 10.6647 10.6175 10.5734 10.5338 10.5008 10.4764 10.4632 10.4639 10.4814 10.5 
12.1449 12.1345 12.1131 12.0917 12.0706 12.0497 12.029 12.0085 11.9881 11.9678 11.9475 11.9272 11.9067 11.886 11.8651 11.8438 11.8222 11.8003 11.778 11.7555 11.7329 11.7106 11.6894 11.6711 11.6586 11.6325 11.6013 11.5672 11.531 11.4933 11.454 11.4132 11.3707 11.3264 11.2801 11.2316 11.1807 11.1274 11.0717 11.0136 10.9536 10.8921 10.8298 10.7678 10.7073 10.65 10.5978 10.5532 10.5188 10.4976 10.4927 10.5 
12.441 12.429 12.4068 12.3853 12.3641 12.3432 12.3226 12.3022 12.2818 12.2616 12.2413 12.2209 12.2003 12.1795 12.1584 12.1369 12.115 12.0927 12.0699 12.0467 12.0233 11.9999 11.9773 11.9571 11.942 11.914 11.8809 11.8447 11.8064 11.7662 11.7242 11.6802 11.6341 11.5856 11.5343 11.4802 11.4228 11.362 11.2976 11.2297 11.1585 11.0843 11.0078 10.9299 10.852 10.7757 10.7031 10.6366 10.5793 10.5342 10.5049 10.5 
12.7696 12.7578 12.7354 12.7138 12.6926 12.6718 12.6513 12.6309 12.6107 12.5905 12.5702 12.5498 12.5292 12.5083 12.4871 12.4654 12.4431 12.4204 12.397 12.373 12.3485 12.3236 12.2987 12.274 12.2465 12.2135 12.1773 12.1386 12.0979 12.0551 12.0103 11.9632 11.9134 11.8607 11.8046 11.7448 11.6808 11.6124 11.5392 11.4612 11.3783 11.2909 11.1995 11.1049 11.0085 10.9118 10.8172 10.7272 10.645 10.574 10.5183 10.5 
13.1088 13.0972 13.0749 13.0534 13.0323 13.0116 12.9912 12.9709 12.9508 12.9307 12.9105 12.8902 12.8696 12.8486 12.8273 12.8054 12.7829 12.7596 12.7357 12.7109 12.6852 12.6587 12.6313 12.6025 12.5679 12.5298 12.4902 12.4489 12.4056 12.3603 12.3127 12.2625 12.2092 12.1524 12.0915 12.026 11.9555 11.8793 11.7972 11.7088 11.614 11.5129 11.4059 11.2937 11.1776 11.0593 10.941 10.8256 10.7165 10.6174 10.5328 10.5 
13.4587 13.4473 13.4253 13.4039 13.383 13.3625 13.3422 13.3222 13.3022 13.2822 13.2622 13.2419 13.2214 13.2004 13.179 13.157 13.1342 13.1106 13.0861 13.0605 13.0337 13.0056 12.9759 12.9438 12.9044 12.8622 12.8194 12.7754 12.7297 12.6819 12.6317 12.5785 12.5217 12.4609 12.3954 12.3244 12.2473 12.1635 12.0724 11.9735 11.8665 11.7512 11.628 11.4974 11.3606 11.2192 11.0756 10.9327 10.7944 10.6647 10.5487 10.5 
13.8193 13.8081 13.7864 13.7653 13.7446 13.7244 13.7043 13.6845 13.6647 13.645 13.6251 13.605 13.5845 13.5637 13.5422 13.5201 13.4972 13.4733 13.4483 13.422 13.3943 13.3647 13.333 13.2984 13.2556 13.21 13.1645 13.118 13.0701 13.02 12.9672 12.9112 12.8513 12.7867 12.7167 12.6404 12.557 12.4657 12.3656 12.2561 12.1367 12.007 11.867 11.7172 11.5585 11.3926 11.2218 11.0494 10.8794 10.7164 10.566 10.5 
14.1905 14.1796 14.1582 14.1374 14.1171 14.0971 14.0773 14.0578 14.0383 14.0188 13.9991 13.9792 13.959 13.9382 13.9169 13.8948 13.8717 13.8476 13.8223 13.7954 13.7668 13.7362 13.7029 13.6663 13.6211 13.573 13.5251 13.4766 13.4266 13.3745 13.3195 13.261 13.1981 13.13 13.0558 12.9744 12.885 12.7863 12.6775 12.5576 12.4257 12.2813 12.1241 11.9543 11.7727 11.5808 11.381 11.1767 10.9723 10.773 10.585 10.5 
14.5722 14.5615 14.5406 14.5201 14.5001 14.4805 14.4611 14.4419 14.4227 14.4035 14.3842 14.3645 14.3445 14.324 14.3028 14.2808 14.2578 14.2336 14.208 14.1807 14.1515 14.12 14.0856 14.0476 14.0008 13.9508 13.9011 13.8509 13.7993 13.7454 13.6885 13.6278 13.5623 13.491 13.413 13.327 13.2318 13.1262 13.009 12.8788 12.7346 12.5754 12.4007 12.2103 12.0047 11.7854 11.5546 11.316 11.0742 10.8352 10.6059 10.5 
14.9642 14.9537 14.9332 14.9132 14.8936 14.8743 14.8553 14.8365 14.8177 14.7989 14.78 14.7607 14.741 14.7208 14.6998 14.678 14.6551 14.6309 14.6053 14.5778 14.5483 14.5162 14.481 14.4422 14.3943 14.343 14.2921 14.2407 14.1878 14.1326 14.0742 14.0116 13.9439 13.87 13.7886 13.6984 13.598 13.4859 13.3607 13.2206 13.0644 12.8905 12.6982 12.4867 12.2563 12.0081 11.7443 11.4686 11.1862 10.9036 10.629 10.5 
15.3662 15.3559 15.3359 15.3163 15.2972 15.2784 15.2598 15.2415 15.2231 15.2048 15.1863 15.1674 15.1482 15.1283 15.1077 15.0862 15.0636 15.0396 15.014 14.9866 14.9569 14.9246 14.8891 14.8499 14.8014 14.7495 14.6979 14.6457 14.592 14.5359 14.4764 14.4125 14.3431 14.2669 14.1827 14.0889 13.9839 13.866 13.7333 13.584 13.4162 13.2281 13.0182 12.7854 12.5294 12.251 11.9521 11.6365 11.3097 10.9793 10.6545 10.5 
15.7779 15.7678 15.7483 15.7292 15.7106 15.6923 15.6743 15.6564 15.6386 15.6208 15.6028 15.5845 15.5657 15.5463 15.5262 15.5051 15.4829 15.4593 15.434 15.4068 15.3773 15.345 15.3096 15.2703 15.2219 15.1698 15.1181 15.0656 15.0116 14.955 14.8949 14.8301 14.7596 14.6818 14.5954 14.4987 14.3899 14.2669 14.1277 13.9699 13.7913 13.5895 13.3624 13.1083 12.8262 12.5164 12.1803 11.8217 11.4466 11.0634 10.6829 10.5 
16.1989 16.1892 16.1701 16.1516 16.1335 16.1157 16.0983 16.081 16.0639 16.0466 16.0292 16.0115 15.9933 15.9745 15.955 15.9344 15.9127 15.8896 15.8649 15.8381 15.809 15.7771 15.7421 15.7032 15.6553 15.6037 15.5522 15.5 15.4461 15.3896 15.3294 15.2644 15.1933 15.1146 15.0267 14.9279 14.8161 14.6891 14.5444 14.3792 14.1908 13.9763 13.7327 13.4577 13.1494 12.807 12.4318 12.0271 11.5991 11.1575 10.7146 10.5 
16.629 16.6194 16.6009 16.5829 16.5654 16.5483 16.5315 16.5149 16.4984 16.4819 16.4651 16.4481 16.4306 16.4125 16.3937 16.3738 16.3528 16.3304 16.3063 16.2802 16.2517 16.2206 16.1862 16.1481 16.1012 16.0505 15.9999 15.9484 15.8953 15.8393 15.7796 15.7149 15.6439 15.565 15.4766 15.3766 15.2629 15.1329 14.9839 14.8127 14.616 14.39 14.1312 13.8361 13.5017 13.1263 12.7101 12.2558 11.77 11.2633 10.7505 10.5 
17.0675 17.0582 17.0403 17.0229 17.006 16.9896 16.9735 16.9576 16.9419 16.9261 16.9101 16.8939 16.8772 16.8599 16.8418 16.8228 16.8026 16.781 16.7578 16.7326 16.7051 16.6749 16.6416 16.6047 16.5592 16.5099 16.4606 16.4104 16.3585 16.3037 16.245 16.1813 16.1111 16.0328 15.9447 15.8446 15.7301 15.5986 15.4468 15.2712 15.0678 14.8323 14.5599 14.2462 13.8866 13.4781 13.0193 12.5121 11.9629 11.3834 10.7913 10.5 
17.5141 17.5051 17.4877 17.471 17.4548 17.4391 17.4238 17.4087 17.3937 17.3788 17.3637 17.3483 17.3325 17.3161 17.299 17.2809 17.2617 17.2411 17.2189 17.1948 17.1685 17.1396 17.1077 17.0723 17.0286 16.9813 16.9338 16.8854 16.8351 16.782 16.7251 16.663 16.5943 16.5175 16.4307 16.3316 16.2177 16.0861 15.9333 15.7552 15.5474 15.3047 15.0212 14.6909 14.3079 13.867 13.3647 12.8013 12.1825 11.5212 10.8383 10.5 
17.9682 17.9594 17.9426 17.9266 17.9112 17.8963 17.8818 17.8676 17.8535 17.8395 17.8253 17.8109 17.7961 17.7807 17.7646 17.7476 17.7295 17.7101 17.6892 17.6664 17.6415 17.6141 17.5839 17.5503 17.5089 17.4639 17.4188 17.3726 17.3246 17.2738 17.2191 17.1593 17.093 17.0186 16.9341 16.8372 16.7254 16.5954 16.4435 16.2654 16.0558 15.8087 15.5172 15.1736 14.7699 14.2983 13.7526 13.1302 12.4351 11.6811 10.8932 10.5 
18.4291 18.4206 18.4045 18.3892 18.3746 18.3606 18.347 18.3337 18.3207 18.3076 18.2945 18.2811 18.2674 18.2531 18.2381 18.2223 18.2055 18.1874 18.1679 18.1466 18.1234 18.0978 18.0695 18.0381 17.9993 17.9572 17.9148 17.8713 17.8261 17.7781 17.7263 17.6695 17.6064 17.5353 17.4542 17.3609 17.2526 17.1261 16.9774 16.8018 16.5935 16.3457 16.0502 15.6976 15.2774 14.7784 14.1907 13.5074 12.7293 11.8696 10.9584 10.5 
18.8963 18.8881 18.8727 18.8582 18.8444 18.8314 18.8188 18.8066 18.7946 18.7826 18.7706 18.7583 18.7457 18.7327 18.719 18.7045 18.689 18.6725 18.6545 18.6349 18.6135 18.5899 18.5639 18.5349 18.4992 18.4603 18.421 18.3808 18.3388 18.2941 18.2458 18.1928 18.1336 18.0667 17.9902 17.9018 17.7987 17.6777 17.5346 17.3644 17.161 16.9167 16.6221 16.2661 15.8353 15.3146 14.6886 13.9443 13.0766 12.0959 11.0374 10.5 
19.3691 19.3612 19.3465 19.3328 19.3201 19.308 19.2966 19.2855 19.2746 19.2638 19.2529 19.2419 19.2306 19.2188 19.2065 19.1934 19.1795 19.1645 19.1483 19.1306 19.1112 19.0898 19.0662 19.04 19.0076 18.9723 18.9366 18.9 18.8617 18.8209 18.7768 18.7281 18.6737 18.6119 18.5411 18.459 18.3628 18.2493 18.1144 17.9529 17.7582 17.5223 17.2347 16.8823 16.4489 15.9149 15.2578 14.4557 13.4931 12.3736 11.1359 10.5 
19.8468 19.8391 19.8252 19.8125 19.8008 19.7899 19.7796 19.7697 19.7601 19.7505 19.7409 19.7312 19.7212 19.7108 19.6999 19.6884 19.676 19.6628 19.6484 19.6328 19.6156 19.5967 19.5758 19.5525 19.5238 19.4924 19.4607 19.4281 19.394 19.3575 19.318 19.2743 19.2254 19.1698 19.1057 19.0312 18.9436 18.8398 18.7157 18.5661 18.3846 18.1626 17.8888 17.5488 17.1234 16.5879 15.9119 15.0605 14.0018 12.7236 11.2631 10.5 
20.3285 20.3211 20.308 20.2964 20.2859 20.2763 20.2673 20.2587 20.2503 20.2421 20.2338 20.2255 20.2169 20.2079 20.1986 20.1887 20.1781 20.1666 20.1543 20.1408 20.126 20.1097 20.0916 20.0715 20.0468 20.0197 19.9923 19.964 19.9344 19.9028 19.8684 19.8303 19.7876 19.7389 19.6827 19.6171 19.5397 19.4475 19.3369 19.2028 19.0389 18.8366 18.5845 18.2671 17.8628 17.3423 16.666 15.7828 14.6353 13.1796 11.4359 10.5 
20.8135 20.8064 20.7942 20.7838 20.7747 20.7665 20.7588 20.7516 20.7447 20.7378 20.731 20.724 20.7169 20.7095 20.7017 20.6935 20.6847 20.6752 20.665 20.6538 20.6415 20.6279 20.6129 20.5962 20.5756 20.5531 20.5302 20.5067 20.4819 20.4555 20.4267 20.3948 20.3589 20.3179 20.2704 20.2149 20.1492 20.0708 19.9761 19.8608 19.719 19.5426 19.3204 19.0369 18.6695 18.1853 17.536 16.6521 15.4398 13.7971 11.687 10.5 
21.3007 21.2939 21.2829 21.274 21.2664 21.2597 21.2536 21.2479 21.2424 21.237 21.2316 21.2261 21.2205 21.2147 21.2086 21.2021 21.1952 21.1877 21.1797 21.1708 21.1612 21.1505 21.1387 21.1255 21.1093 21.0915 21.0735 21.0549 21.0353 21.0144 20.9916 20.9663 20.9377 20.9051 20.8673 20.8229 20.7703 20.7072 20.6309 20.5375 20.422 20.2773 20.0934 19.8559 19.5429 19.1207 18.5358 17.7013 16.479 14.6704 12.0878 10.5 
21.7891 21.7826 21.7732 21.766 21.7602 21.7553 21.7508 21.7467 21.7427 21.7388 21.7349 21.7309 21.7269 21.7227 21.7183 21.7137 21.7087 21.7033 21.6975 21.6911 21.6842 21.6765 21.6679 21.6585 21.6467 21.6339 21.6209 21.6075 21.5933 21.5782 21.5616 21.5433 21.5226 21.4989 21.4713 21.439 21.4006 21.3544 21.2983 21.2295 21.1441 21.0364 20.8985 20.7185 20.478 20.1465 19.6722 18.9608 17.8346 15.9607 12.812 10.5 
22.2776 22.2713 22.2641 22.2593 22.2556 22.2525 22.2498 22.2473 22.2448 22.2425 22.2401 22.2378 22.2353 22.2328 22.2302 22.2273 22.2243 22.2211 22.2176 22.2138 22.2095 22.2049 22.1997 22.194 22.1869 22.1792 22.1713 22.1632 22.1546 22.1455 22.1355 22.1244 22.1118 22.0974 22.0807 22.061 22.0376 22.0094 21.9752 21.933 21.8805 21.814 21.7285 21.616 21.464 21.2509 20.9373 20.4436 19.5906 17.9318 14.3258 10.5 
22.7644 22.7585 22.7549 22.7531 22.7518 22.7507 22.7498 22.749 22.7482 22.7474 22.7466 22.7458 22.745 22.7441 22.7432 22.7423 22.7413 22.7402 22.739 22.7378 22.7364 22.7348 22.7331 22.7312 22.7288 22.7262 22.7236 22.7209 22.718 22.7149 22.7116 22.7078 22.7036 22.6988 22.6932 22.6866 22.6787 22.6693 22.6577 22.6435 22.6258 22.6033 22.5743 22.5361 22.484 22.4103 22.2998 22.119 21.7758 20.9376 17.9872 10.5 
23 23 23 23 23 23 23 23 23 23 23 23 23 23 23 23 23 23 23 23 23 23 23 23 23 23 23 23 23 23 23 23 23 23 23 23 23 23 23 23 23 23 23 23 23 23 23 23 23 23 23 23 
