13.0003 13.1034 13.084 13.0653 13.0476 13.0308 13.0148 12.9996 12.9851 12.9711 12.9574 12.9438 12.9302 12.9165 12.9026 12.8889 12.8757 12.8643 12.8566 12.8563 12.8701 12.9106 13.0027 13.2046 19.7188 22.1109 22.9346 23.1987 23.2753 23.2947 23.2985 23.2987 23.2984 23.2981 23.2978 23.2977 23.2977 23.2977 23.2978 23.2979 23.2981 23.2984 23.2986 23.2981 23.2939 23.2758 23.2109 23.0041 22.4084 20.8346 16.9233 9 
12.8973 12.8874 12.8679 12.8493 12.8316 12.8147 12.7988 12.7836 12.7691 12.7551 12.7414 12.7278 12.7142 12.7005 12.6866 12.6729 12.6597 12.6483 12.6405 12.6403 12.6541 12.6945 12.7867 12.9886 16.6328 19.0249 19.8485 20.1127 20.1893 20.2086 20.2125 20.2127 20.2124 20.212 20.2118 20.2117 20.2117 20.2117 20.2117 20.2119 20.2121 20.2124 20.2126 20.212 20.2078 20.1898 20.1249 19.9181 19.3223 17.7486 13.8372 9 
12.4913 12.4811 12.4616 12.4429 12.4251 12.4082 12.3922 12.377 12.3625 12.3484 12.3347 12.321 12.3073 12.2934 12.2793 12.2651 12.2513 12.2387 12.229 12.2252 12.2326 12.2601 12.3222 12.4377 13.6405 14.8933 15.3987 15.5691 15.6175 15.628 15.6288 15.6277 15.6267 15.6259 15.6255 15.6252 15.6251 15.6251 15.6253 15.6256 15.626 15.6267 15.6274 15.6276 15.625 15.611 15.558 15.3893 14.9153 13.7356 11.1813 9 
12.1109 12.1005 12.0808 12.0619 12.044 12.0271 12.0111 11.9959 11.9813 11.9671 11.9533 11.9395 11.9256 11.9114 11.8968 11.8818 11.8666 11.8518 11.8385 11.8285 11.8248 11.832 11.8548 11.8909 11.9735 12.2724 12.4228 12.4708 12.4779 12.474 12.4688 12.4648 12.462 12.4602 12.459 12.4583 12.4581 12.4581 12.4585 12.4592 12.4602 12.4618 12.4638 12.4659 12.4667 12.4599 12.4266 12.3151 12.0074 11.289 9.91962 9 
11.7559 11.7453 11.7253 11.7063 11.6883 11.6713 11.6552 11.6399 11.6253 11.611 11.5971 11.5831 11.5689 11.5543 11.539 11.5229 11.506 11.4883 11.4703 11.4524 11.4355 11.4201 11.405 11.383 10.9538 10.6831 10.5785 10.5244 10.491 10.4693 10.4549 10.4453 10.4388 10.4346 10.4318 10.4302 10.4295 10.4296 10.4304 10.432 10.4344 10.4379 10.4425 10.4484 10.4547 10.4582 10.4477 10.3945 10.2378 9.88608 9.29411 9 
11.426 11.4153 11.395 11.3758 11.3577 11.3406 11.3244 11.309 11.2943 11.28 11.2658 11.2517 11.2372 11.222 11.2059 11.1886 11.1697 11.1488 11.1257 11.0995 11.069 11.0316 10.9829 10.9174 10.2866 9.77115 9.53546 9.41462 9.34513 9.30156 9.2727 9.25298 9.2394 9.23013 9.22405 9.2204 9.21873 9.21876 9.2204 9.22369 9.22879 9.23598 9.24564 9.25812 9.27351 9.2906 9.3046 9.30282 9.26068 9.15096 8.99734 9 
11.1209 11.1101 11.0896 11.0702 11.0519 11.0347 11.0184 11.003 10.9881 10.9737 10.9594 10.945 10.9301 10.9144 10.8975 10.8789 10.858 10.834 10.8059 10.772 10.7291 10.6722 10.5927 10.4839 9.81024 9.29832 9.03062 8.86893 8.76263 8.68921 8.63712 8.5998 8.57313 8.5544 8.54177 8.53398 8.53019 8.52991 8.53292 8.53924 8.54907 8.56281 8.58104 8.60445 8.63374 8.66931 8.71054 8.75468 8.79664 8.83472 8.89513 9 
10.8403 10.8293 10.8086 10.789 10.7706 10.7533 10.7369 10.7213 10.7064 10.6918 10.6774 10.6627 10.6475 10.6313 10.6136 10.5938 10.5711 10.5444 10.5121 10.4717 10.4191 10.3468 10.2401 10.0613 9.57987 9.20726 8.95081 8.76852 8.63619 8.53894 8.46707 8.41402 8.37523 8.34743 8.32831 8.31623 8.31008 8.30917 8.31315 8.32198 8.33585 8.35519 8.38062 8.41294 8.45306 8.50192 8.56047 8.62966 8.71086 8.80717 8.92545 9 
10.5838 10.5727 10.5518 10.5321 10.5135 10.496 10.4796 10.4639 10.4488 10.4341 10.4195 10.4047 10.3892 10.3725 10.3542 10.3334 10.3092 10.2803 10.2448 10.2 10.1412 10.0611 9.94653 9.77408 9.45685 9.14887 8.91519 8.74059 8.61018 8.51262 8.43968 8.38541 8.34548 8.31675 8.29691 8.28435 8.27795 8.27702 8.2812 8.29044 8.30495 8.32518 8.35175 8.38549 8.42736 8.47841 8.53982 8.61292 8.69953 8.80253 8.92618 9 
10.3511 10.3399 10.3187 10.2988 10.2801 10.2626 10.246 10.2302 10.215 10.2002 10.1855 10.1705 10.1547 10.1377 10.1188 10.0973 10.072 10.0416 10.0042 9.95698 9.89572 9.81425 9.70366 9.55318 9.31992 9.07014 8.86579 8.70539 8.58166 8.48707 8.41526 8.36125 8.3212 8.2922 8.27211 8.25936 8.25289 8.25201 8.2564 8.26601 8.28108 8.30204 8.32956 8.36449 8.40783 8.46075 8.52454 8.60074 8.69126 8.79858 8.92562 9 
10.1417 10.1304 10.109 10.089 10.0702 10.0525 10.0358 10.0199 10.0047 9.98978 9.97494 9.95976 9.94381 9.92655 9.90732 9.88529 9.85941 9.82829 9.79008 9.74222 9.68127 9.60269 9.50118 9.37283 9.18983 8.98571 8.81003 8.66635 8.55207 8.46271 8.39375 8.34123 8.30192 8.27327 8.25332 8.24065 8.23426 8.23351 8.23811 8.24803 8.26353 8.28507 8.31333 8.34919 8.3937 8.44808 8.5137 8.59218 8.6854 8.79554 8.92487 9 
9.95526 9.94385 9.92237 9.90219 9.88324 9.86545 9.84866 9.8327 9.81737 9.8024 9.78746 9.77219 9.75613 9.73872 9.71932 9.69709 9.67102 9.63979 9.60172 9.55467 9.49597 9.42252 9.33152 9.22219 9.07304 8.90401 8.75373 8.62684 8.52319 8.44041 8.37546 8.32535 8.28746 8.25964 8.24018 8.22781 8.22162 8.22105 8.22584 8.23601 8.25181 8.27375 8.30253 8.33903 8.38435 8.43975 8.50664 8.58665 8.6816 8.79349 8.92429 9 
9.7915 9.78001 9.75838 9.73807 9.71901 9.70111 9.68423 9.6682 9.6528 9.63776 9.62276 9.60743 9.59132 9.57388 9.55446 9.53228 9.50637 9.47556 9.43838 9.39311 9.33777 9.2704 9.18964 9.09601 8.97152 8.8297 8.70102 8.58976 8.49685 8.42122 8.36094 8.31384 8.27787 8.25125 8.23254 8.22063 8.21472 8.21435 8.21929 8.2296 8.24557 8.26771 8.29675 8.33359 8.37936 8.43531 8.50291 8.58376 8.67964 8.79243 8.92398 9 
9.6501 9.63854 9.61679 9.59636 9.57719 9.55919 9.54223 9.52612 9.51065 9.49556 9.48053 9.46519 9.44908 9.43169 9.4124 9.39047 9.36501 9.335 9.29922 9.2563 9.20485 9.14366 9.07222 8.99147 8.8858 8.76539 8.65476 8.55745 8.47473 8.40629 8.35094 8.30717 8.27341 8.24823 8.23043 8.21908 8.2135 8.21331 8.21833 8.22867 8.24463 8.26675 8.29578 8.33264 8.37844 8.43449 8.50224 8.5833 8.67939 8.79234 8.92397 9 
9.53084 9.51922 9.49735 9.47682 9.45755 9.43946 9.42242 9.40624 9.39071 9.37558 9.36053 9.3452 9.32915 9.31188 9.29282 9.27128 9.24648 9.21752 9.18341 9.14312 9.09566 9.04034 8.97708 8.90687 8.81597 8.71262 8.61697 8.53179 8.45836 8.39675 8.3463 8.30594 8.27451 8.25087 8.23407 8.22332 8.21807 8.21799 8.223 8.23321 8.24898 8.27084 8.29955 8.33607 8.38151 8.43717 8.50452 8.58516 8.6808 8.79324 8.92428 9 
9.43356 9.4219 9.39993 9.3793 9.35994 9.34177 9.32464 9.3084 9.29282 9.27765 9.26259 9.24729 9.23133 9.21423 9.19546 9.17441 9.15037 9.12259 9.09028 9.05264 9.00902 8.95902 8.90278 8.84121 8.76207 8.67241 8.58912 8.51431 8.4491 8.39376 8.34793 8.31088 8.28175 8.25966 8.24385 8.23367 8.22869 8.22865 8.23351 8.24342 8.25876 8.28009 8.30817 8.34395 8.38858 8.44336 8.50975 8.58935 8.68388 8.79513 8.92492 9 
9.35822 9.34652 9.32447 9.30375 9.28431 9.26605 9.24885 9.23253 9.2169 9.2017 9.18663 9.17137 9.1555 9.1386 9.12016 9.09962 9.07639 9.04982 9.01928 8.98417 8.94405 8.89872 8.84841 8.79389 8.72416 8.64553 8.57238 8.50629 8.4482 8.39843 8.3568 8.32282 8.29586 8.27523 8.26033 8.25065 8.24583 8.24569 8.25023 8.25963 8.27429 8.29478 8.32186 8.35651 8.39985 8.4532 8.51804 8.59597 8.68871 8.79807 8.92591 9 
9.30486 9.29313 9.27102 9.25022 9.2307 9.21235 9.19507 9.17868 9.16298 9.14774 9.13267 9.11744 9.10167 9.08496 9.06684 9.04681 9.02436 8.99894 8.97005 8.93723 8.90019 8.85885 8.81347 8.76467 8.70246 8.63268 8.56777 8.50892 8.45686 8.4119 8.37397 8.34272 8.31769 8.29836 8.28423 8.27491 8.27011 8.2697 8.27371 8.28236 8.29605 8.31535 8.34104 8.37408 8.41562 8.46697 8.52962 8.60519 8.69542 8.80215 8.92727 9 
9.27364 9.2619 9.23973 9.21887 9.19926 9.18083 9.16346 9.14699 9.13123 9.11593 9.10084 9.08562 9.06993 9.05339 9.03555 9.01599 8.99424 8.96985 8.94241 8.91157 8.87714 8.83912 8.79775 8.75353 8.69729 8.63455 8.57628 8.52333 8.47626 8.43534 8.40054 8.37162 8.34824 8.32997 8.31643 8.30728 8.30231 8.30142 8.30467 8.31229 8.32467 8.3424 8.36625 8.39718 8.43634 8.48505 8.54481 8.61726 8.7042 8.80748 8.92906 9 
9.26486 9.25312 9.23091 9.20998 9.19028 9.17176 9.15429 9.13773 9.12189 9.10653 9.09139 9.07617 9.06053 9.0441 9.0265 9.00732 8.98616 8.96262 8.93638 8.90718 8.87488 8.83952 8.80134 8.76072 8.70913 8.65192 8.5989 8.55065 8.5076 8.46996 8.43771 8.41069 8.38861 8.37113 8.35794 8.34875 8.34339 8.34177 8.34399 8.35025 8.36095 8.37668 8.39819 8.42644 8.46258 8.50794 8.56404 8.63255 8.7153 8.81422 8.93132 9 
9.27893 9.26719 9.24495 9.22395 9.20417 9.18554 9.16797 9.1513 9.13536 9.11992 9.10471 9.08945 9.07381 9.05745 9.04 9.0211 9.00038 8.9775 8.95218 8.92424 8.89357 8.86026 8.82452 8.78667 8.73863 8.68568 8.6367 8.59209 8.55216 8.51705 8.48678 8.46119 8.44005 8.42306 8.40995 8.40047 8.39446 8.39185 8.39271 8.39726 8.40587 8.41912 8.43773 8.46267 8.49507 8.53628 8.58784 8.65146 8.72903 8.82255 8.93411 9 
9.3164 9.30467 9.2824 9.26132 9.24143 9.22269 9.205 9.18822 9.17217 9.15662 9.14131 9.12597 9.11029 9.09392 9.07654 9.05779 9.03734 9.0149 8.99021 8.96314 8.93362 8.90176 8.86778 8.83197 8.78659 8.73683 8.69086 8.64893 8.61128 8.57802 8.54915 8.52453 8.50394 8.48712 8.4738 8.46375 8.45681 8.45289 8.45206 8.4545 8.46056 8.47078 8.48588 8.50679 8.53464 8.57081 8.61684 8.67452 8.74578 8.83271 8.93752 9 
9.37793 9.36624 9.34392 9.32274 9.30273 9.28386 9.26604 9.24913 9.23294 9.21726 9.20183 9.18637 9.17058 9.15414 9.13671 9.11799 9.09764 9.0754 9.05105 9.02446 8.99561 8.96464 8.93179 8.8974 8.85399 8.80655 8.76268 8.72256 8.68641 8.65433 8.62631 8.6022 8.58179 8.5648 8.55098 8.54006 8.53188 8.52633 8.52342 8.52332 8.52632 8.53292 8.54381 8.55989 8.5823 8.6124 8.65179 8.7023 8.76596 8.84496 8.94163 9 
9.46433 9.45268 9.43028 9.40897 9.38882 9.3698 9.35183 9.33478 9.31844 9.3026 9.28701 9.27139 9.25544 9.23884 9.22128 9.20244 9.18201 9.15974 9.13543 9.10894 9.08029 9.04964 9.01731 8.9838 8.94199 8.89619 8.85358 8.81447 8.7791 8.74759 8.71989 8.69585 8.67524 8.65775 8.6431 8.63102 8.62128 8.61373 8.60835 8.60523 8.60461 8.60694 8.61285 8.62322 8.63916 8.66206 8.69354 8.73551 8.79009 8.85961 8.94654 9 
9.57652 9.56492 9.54237 9.52086 9.50053 9.48135 9.46323 9.44601 9.42951 9.4135 9.39772 9.38189 9.36572 9.3489 9.3311 9.31201 9.29134 9.26882 9.24424 9.2175 9.18858 9.15766 9.12521 9.09203 9.05205 9.0073 8.96517 8.92628 8.89101 8.85947 8.83161 8.80723 8.78604 8.76773 8.75195 8.73839 8.72676 8.71685 8.70856 8.7019 8.69706 8.6944 8.69449 8.69817 8.70651 8.72092 8.74307 8.77493 8.81875 8.87701 8.95237 9 
9.71557 9.70404 9.68112 9.65932 9.63878 9.61944 9.60116 9.58378 9.5671 9.55089 9.5349 9.51884 9.5024 9.48527 9.46714 9.44769 9.4266 9.40362 9.37853 9.35117 9.32153 9.28976 9.25636 9.22265 9.18617 9.14172 9.09913 9.05968 9.02386 8.99177 8.96329 8.93817 8.91608 8.89663 8.87943 8.86407 8.85021 8.83755 8.8259 8.81518 8.80547 8.79704 8.79039 8.78628 8.78578 8.79026 8.80145 8.82143 8.85257 8.89756 8.95927 9 
9.8995 9.88604 9.86214 9.83996 9.81919 9.79966 9.78121 9.76366 9.74679 9.73036 9.71411 9.69775 9.68097 9.66345 9.64487 9.6249 9.60321 9.57953 9.55361 9.52525 9.49437 9.46102 9.42549 9.38855 9.34792 9.30148 9.25723 9.21642 9.17945 9.14631 9.11681 9.09062 9.06731 9.04644 9.02753 9.01008 8.99366 8.97786 8.96239 8.94704 8.93177 8.91675 8.90236 8.88928 8.87853 8.87149 8.86992 8.87601 8.8923 8.9217 8.96737 9 
10.1197 10.1064 10.0821 10.0597 10.0387 10.019 10.0004 9.98272 9.96566 9.94901 9.93249 9.91581 9.89866 9.8807 9.8616 9.84102 9.81861 9.79406 9.76709 9.73744 9.70493 9.66945 9.63097 9.58943 9.53915 9.48814 9.44108 9.39823 9.3596 9.32501 9.29415 9.26658 9.2418 9.21925 9.19836 9.17854 9.15923 9.13992 9.12015 9.0996 9.07806 9.05556 9.03236 9.00903 8.98651 8.96617 8.94983 8.93977 8.93876 8.94995 8.97685 9 
10.3649 10.3518 10.3274 10.3049 10.2838 10.264 10.2453 10.2274 10.2102 10.1934 10.1766 10.1596 10.1421 10.1237 10.1041 10.0828 10.0597 10.0342 10.0061 9.97499 9.94068 9.90287 9.86125 9.81532 9.75841 9.70256 9.65216 9.60679 9.56612 9.52978 9.4973 9.46812 9.44164 9.41719 9.39409 9.37165 9.34915 9.32595 9.30143 9.27508 9.24655 9.21566 9.18251 9.14755 9.11162 9.07604 9.04267 9.01395 8.99285 8.98287 8.9879 9 
10.6363 10.6233 10.599 10.5765 10.5554 10.5356 10.5168 10.4989 10.4815 10.4645 10.4475 10.4303 10.4124 10.3936 10.3734 10.3515 10.3276 10.3011 10.2718 10.2393 10.2031 10.1629 10.1182 10.0684 10.0062 9.94579 9.89189 9.84378 9.80086 9.76255 9.72826 9.6973 9.66895 9.64243 9.61694 9.59165 9.5657 9.53826 9.50854 9.47583 9.43956 9.39935 9.35509 9.30704 9.25591 9.20297 9.15012 9.09992 9.05562 9.0211 9.00074 9 
10.9349 10.922 10.898 10.8756 10.8545 10.8347 10.816 10.798 10.7806 10.7634 10.7463 10.7288 10.7106 10.6914 10.6707 10.6482 10.6235 10.5961 10.5656 10.5316 10.4936 10.4512 10.4036 10.3503 10.2836 10.219 10.1617 10.1108 10.0656 10.0252 9.98901 9.95617 9.92584 9.89714 9.86912 9.8408 9.81116 9.77918 9.74386 9.70426 9.65954 9.60907 9.55249 9.48983 9.42163 9.34905 9.274 9.19921 9.12821 9.06535 9.01561 9 
11.2617 11.249 11.2253 11.203 11.1821 11.1624 11.1437 11.1257 11.1083 11.0911 11.0738 11.0561 11.0377 11.0181 10.997 10.974 10.9485 10.9203 10.8887 10.8533 10.8136 10.769 10.7189 10.6625 10.592 10.5237 10.4632 10.4096 10.362 10.3196 10.2815 10.2467 10.2144 10.1834 10.1528 10.1213 10.0878 10.0511 10.0098 9.96281 9.90897 9.84735 9.77726 9.69844 9.61119 9.51654 9.41635 9.31351 9.21192 9.11644 9.03279 9 
11.6175 11.605 11.5816 11.5596 11.5389 11.5194 11.5008 11.4829 11.4655 11.4483 11.4309 11.4131 11.3945 11.3747 11.3532 11.3297 11.3036 11.2746 11.242 11.2054 11.1642 11.1178 11.0654 11.0064 10.9326 10.861 10.7977 10.7416 10.6919 10.6475 10.6075 10.5709 10.5366 10.5034 10.4701 10.4354 10.398 10.3562 10.3087 10.254 10.1904 10.1168 10.032 9.93551 9.8272 9.7079 9.57942 9.44476 9.30821 9.17529 9.05259 9 
12.003 11.9908 11.9677 11.9461 11.9256 11.9063 11.8879 11.8702 11.8529 11.8357 11.8184 11.8006 11.7818 11.7618 11.7401 11.7162 11.6896 11.6599 11.6266 11.589 11.5465 11.4985 11.4443 11.3831 11.3065 11.2322 11.1665 11.1083 11.0566 11.0105 10.9688 10.9304 10.8942 10.8588 10.823 10.7851 10.7437 10.6969 10.643 10.5801 10.5064 10.4201 10.3196 10.2039 10.0725 9.92587 9.76572 9.59513 9.41879 9.24298 9.07539 9 
12.4187 12.4068 12.3842 12.3629 12.3428 12.3238 12.3056 12.2881 12.271 12.254 12.2368 12.219 12.2002 12.1801 12.1582 12.1341 12.1072 12.0771 12.0431 12.0047 11.9613 11.9121 11.8565 11.7936 11.7149 11.6385 11.5708 11.5109 11.4576 11.41 11.3668 11.3269 11.2889 11.2515 11.2132 11.1723 11.1269 11.0752 11.0148 10.9437 10.8595 10.7598 10.6427 10.5065 10.35 10.1734 9.97808 9.76709 9.5456 9.32077 9.10161 9 
12.865 12.8533 12.8312 12.8103 12.7906 12.772 12.7542 12.737 12.7201 12.7033 12.6863 12.6686 12.65 12.6299 12.608 12.5838 12.5568 12.5264 12.4921 12.4533 12.4092 12.3593 12.3027 12.2387 12.1586 12.0806 12.0116 11.9504 11.8959 11.8471 11.8027 11.7615 11.7221 11.683 11.6424 11.5986 11.5495 11.4929 11.4263 11.3469 11.2521 11.1388 11.0044 10.8464 10.6632 10.4539 10.2197 9.96354 9.69095 9.41015 9.13179 9 
13.3419 13.3305 13.3089 13.2885 13.2693 13.2511 13.2337 13.2169 13.2004 13.1839 13.1672 13.1498 13.1313 13.1115 13.0897 13.0656 13.0386 13.0082 12.9739 12.9349 12.8906 12.8404 12.7834 12.7188 12.638 12.5593 12.4895 12.4276 12.3724 12.3228 12.2777 12.2355 12.1949 12.1543 12.1118 12.0655 12.013 11.9518 11.8791 11.7918 11.6865 11.5596 11.4076 11.2271 11.0154 10.7711 10.4943 10.1879 9.85761 9.51296 9.16655 9 
13.8493 13.8382 13.8171 13.7973 13.7787 13.761 13.7441 13.7277 13.7117 13.6956 13.6793 13.6622 13.6442 13.6246 13.6032 13.5794 13.5527 13.5226 13.4884 13.4497 13.4056 13.3555 13.2987 13.2342 13.1535 13.0748 13.0049 12.9429 12.8875 12.8377 12.7921 12.7494 12.7081 12.6663 12.6223 12.5738 12.5184 12.4532 12.375 12.2803 12.165 12.0248 11.8552 11.6518 11.4106 11.129 10.8061 10.4441 10.049 9.63145 9.2067 9 
14.3867 14.3759 14.3555 14.3363 14.3182 14.3011 14.2848 14.269 14.2535 14.238 14.2221 14.2056 14.188 14.169 14.1481 14.1248 14.0986 14.069 14.0355 13.9973 13.9539 13.9045 13.8484 13.7847 13.7049 13.6271 13.5579 13.4964 13.4414 13.3919 13.3464 13.3036 13.2619 13.2195 13.1744 13.1244 13.0666 12.998 12.9152 12.8138 12.6894 12.5367 12.3502 12.1241 11.853 11.5325 11.1602 10.7371 10.2693 9.76854 9.25327 9 
14.9535 14.943 14.9232 14.9047 14.8873 14.8709 14.8553 14.8401 14.8253 14.8104 14.7952 14.7793 14.7623 14.744 14.7237 14.7012 14.6758 14.6471 14.6144 14.5773 14.535 14.4868 14.432 14.3699 14.2919 14.2158 14.1481 14.0878 14.0338 13.9851 13.9403 13.8979 13.8564 13.8139 13.7683 13.7173 13.6579 13.5869 13.5003 13.3935 13.2613 13.0975 12.8955 12.6478 12.3471 11.9869 11.5625 11.0731 10.5239 9.92801 9.30765 9 
15.5486 15.5384 15.5194 15.5016 15.485 15.4694 15.4545 15.4401 15.426 15.4118 15.3974 15.3823 15.3661 15.3486 15.3292 15.3076 15.2833 15.2557 15.2244 15.1887 15.1479 15.1015 15.0488 14.9888 14.9136 14.8401 14.7746 14.7163 14.6641 14.6167 14.5731 14.5317 14.4909 14.4489 14.4035 14.3523 14.2922 14.2198 14.1307 14.0201 13.8819 13.7091 13.4936 13.2264 12.8978 12.4984 12.0203 11.4596 10.8199 10.115 9.37173 9 
16.1707 16.1609 16.1427 16.1257 16.1099 16.0951 16.0811 16.0676 16.0543 16.0411 16.0275 16.0133 15.9981 15.9816 15.9633 15.9429 15.9199 15.8938 15.8641 15.8302 15.7915 15.7475 15.6973 15.6403 15.5688 15.4988 15.4364 15.3808 15.3309 15.2856 15.2437 15.2038 15.1644 15.1235 15.079 15.0284 14.9687 14.8961 14.8063 14.6937 14.5518 14.3728 14.1471 13.8637 13.5104 13.0739 12.5421 11.9065 11.1668 10.3366 9.44818 9 
16.8183 16.8088 16.7914 16.7754 16.7606 16.7467 16.7337 16.7211 16.7088 16.6966 16.684 16.6708 16.6567 16.6414 16.6244 16.6054 16.584 16.5597 16.532 16.5003 16.4642 16.423 16.3761 16.3228 16.2558 16.1902 16.1318 16.0796 16.0327 15.9901 15.9506 15.9128 15.8753 15.8362 15.7934 15.7444 15.6861 15.6149 15.526 15.4137 15.2711 15.0894 14.8577 14.5631 14.1902 13.7213 13.1384 12.4261 11.5774 10.603 9.54102 9 
17.4894 17.4804 17.4639 17.4488 17.435 17.4222 17.4102 17.3988 17.3876 17.3764 17.365 17.353 17.3402 17.3262 17.3107 17.2933 17.2737 17.2515 17.2261 17.1971 17.164 17.1262 17.0831 17.0341 16.9726 16.9124 16.8586 16.8106 16.7674 16.7281 16.6915 16.6565 16.6215 16.5849 16.5446 16.4981 16.4426 16.3742 16.2882 16.179 16.039 15.8589 15.6268 15.3276 14.9426 14.4493 13.8218 13.0347 12.0696 10.9295 9.65649 9 
18.1819 18.1733 18.1577 18.1438 18.1311 18.1195 18.1088 18.0985 18.0885 18.0785 18.0683 18.0577 18.0462 18.0337 18.0199 18.0044 17.9869 17.9669 17.9442 17.9182 17.8886 17.8547 17.816 17.7721 17.7169 17.6628 17.6144 17.5712 17.5324 17.4969 17.4639 17.4321 17.4003 17.3669 17.3299 17.287 17.2354 17.1715 17.0908 16.9874 16.8539 16.6805 16.4545 16.1592 15.7727 15.2669 14.607 13.7532 12.6689 11.3393 9.80496 9 
18.8933 18.8851 18.8706 18.8578 18.8465 18.8363 18.8268 18.8179 18.8092 18.8005 18.7917 18.7824 18.7725 18.7617 18.7497 18.7362 18.721 18.7036 18.6838 18.6612 18.6354 18.6059 18.5722 18.5339 18.4857 18.4385 18.3964 18.3586 18.3246 18.2936 18.2646 18.2367 18.2087 18.179 18.1461 18.1078 18.0615 18.0038 17.9305 17.836 17.7131 17.5521 17.3398 17.0587 16.6843 16.1831 15.5104 14.6082 13.4113 11.8698 10.0051 9 
19.6208 19.613 19.5997 19.5884 19.5786 19.5698 19.5618 19.5543 19.547 19.5398 19.5324 19.5246 19.5164 19.5073 19.4973 19.486 19.4733 19.4587 19.4422 19.4232 19.4016 19.3768 19.3486 19.3165 19.2761 19.2364 19.201 19.1693 19.1407 19.1146 19.0902 19.0666 19.0429 19.0177 18.9896 18.9568 18.9169 18.8671 18.8034 18.7209 18.6128 18.47 18.2799 18.0247 17.6789 17.2051 16.549 15.6319 14.3482 12.5829 10.2934 9 
20.3615 20.3541 20.3423 20.3326 20.3244 20.3173 20.3109 20.3049 20.2991 20.2934 20.2876 20.2815 20.2749 20.2677 20.2598 20.2509 20.2408 20.2293 20.2162 20.2011 20.184 20.1643 20.142 20.1165 20.0844 20.0529 20.0248 19.9996 19.9769 19.9561 19.9367 19.9179 19.8989 19.8787 19.8561 19.8296 19.7973 19.7568 19.7048 19.6371 19.5479 19.4293 19.2699 19.0532 18.7547 18.3363 17.7375 16.8607 15.5506 13.584 10.7499 9 
21.112 21.1051 21.095 21.0873 21.0811 21.0759 21.0712 21.0668 21.0626 21.0585 21.0542 21.0498 21.0451 21.0399 21.0341 21.0277 21.0204 21.012 21.0025 20.9917 20.9792 20.965 20.9488 20.9303 20.907 20.8842 20.8638 20.8455 20.829 20.8139 20.7998 20.7861 20.7722 20.7575 20.7409 20.7215 20.6977 20.6677 20.6292 20.5788 20.5122 20.4231 20.3023 20.1366 19.9049 19.573 19.0826 18.3278 17.1092 15.0533 11.5691 9 
21.8688 21.8623 21.8547 21.8495 21.8456 21.8423 21.8395 21.8368 21.8343 21.8317 21.8292 21.8265 21.8236 21.8205 21.817 21.8131 21.8087 21.8037 21.7979 21.7913 21.7838 21.7751 21.7653 21.7541 21.74 21.7262 21.7138 21.7027 21.6927 21.6836 21.675 21.6667 21.6582 21.6492 21.6391 21.6272 21.6127 21.5943 21.5706 21.5395 21.4983 21.4429 21.3676 21.2633 21.1158 20.901 20.5746 20.0471 19.1175 17.2858 13.2727 9 
22.6277 22.6217 22.618 22.616 22.6147 22.6136 22.6126 22.6117 22.6109 22.61 22.6092 22.6083 22.6073 22.6063 22.6051 22.6038 22.6023 22.6006 22.5987 22.5965 22.594 22.5911 22.5878 22.584 22.5793 22.5747 22.5705 22.5668 22.5635 22.5604 22.5575 22.5547 22.5519 22.5489 22.5455 22.5415 22.5366 22.5304 22.5224 22.5119 22.4979 22.4791 22.4535 22.4179 22.3672 22.2926 22.1772 21.9832 21.6076 20.6775 17.3816 9 
23 23 23 23 23 23 23 23 23 23 23 23 23 23 23 23 23 23 23 23 23 23 23 23 23 23 23 23 23 23 23 23 23 23 23 23 23 23 23 23 23 23 23 23 23 23 23 23 23 23 23 23 
