10.1178 10.117 10.1129 10.1083 10.1033 10.0979 10.0921 10.0858 10.0791 10.0719 10.0642 10.056 10.0473 10.0379 10.028 10.0173 10.006 9.99379 9.98076 9.96678 9.95176 9.93562 9.91822 9.89946 9.8792 9.85729 9.8336 9.80803 9.69876 9.52558 9.37419 9.2429 9.12984 9.03319 8.95131 8.88275 8.82622 8.78063 8.74504 8.71871 8.70101 8.69151 8.68988 8.69594 8.70966 8.7311 8.76046 8.79805 8.84431 8.89978 8.96508 9.041 9.12838 9.2282 9.34157 9.46967 9.61385 9.77554 9.95626 10.1575 10.3804 10.5 
10.1186 10.1167 10.1125 10.1079 10.1029 10.0975 10.0917 10.0854 10.0787 10.0715 10.0639 10.0557 10.0469 10.0376 10.0276 10.017 10.0056 9.99343 9.98039 9.96641 9.9514 9.93525 9.91786 9.8991 9.87884 9.85693 9.83324 9.80767 9.69616 9.52298 9.37159 9.24031 9.12724 9.03059 8.94872 8.88015 8.82362 8.77803 8.74244 8.71611 8.69842 8.68891 8.68728 8.69335 8.70706 8.7285 8.75786 8.79546 8.84172 8.89718 8.96249 9.0384 9.12578 9.22561 9.33897 9.46708 9.61126 9.77295 9.95367 10.1549 10.3778 10.5 
10.1198 10.1179 10.1137 10.1091 10.1041 10.0988 10.0929 10.0867 10.08 10.0728 10.0651 10.057 10.0482 10.0389 10.029 10.0183 10.007 9.99486 9.98186 9.96792 9.95296 9.93687 9.91953 9.90084 9.88064 9.8588 9.83516 9.80955 9.69642 9.52288 9.3717 9.24074 9.12799 9.03161 8.94994 8.88154 8.82513 8.77961 8.74406 8.71774 8.70003 8.69049 8.68881 8.6948 8.70842 8.72975 8.75899 8.79645 8.84255 8.89783 8.96294 9.03863 9.12576 9.22529 9.33833 9.46607 9.60984 9.7711 9.9514 10.1524 10.3759 10.5 
10.1229 10.121 10.1169 10.1123 10.1073 10.1019 10.0961 10.0899 10.0832 10.076 10.0684 10.0602 10.0515 10.0423 10.0324 10.0218 10.0105 9.99844 9.98552 9.97167 9.9568 9.94082 9.9236 9.90504 9.88499 9.86329 9.83977 9.81422 9.7008 9.52757 9.37707 9.24683 9.13473 9.03889 8.95765 8.88957 8.83338 8.78801 8.75255 8.72625 8.70851 8.6989 8.6971 8.70295 8.71639 8.73751 8.7665 8.80368 8.84946 8.90439 8.9691 9.04433 9.13095 9.22991 9.3423 9.4693 9.61224 9.77259 9.95198 10.1522 10.3755 10.5 
10.128 10.1261 10.1219 10.1174 10.1124 10.107 10.1012 10.095 10.0884 10.0812 10.0736 10.0655 10.0569 10.0477 10.0378 10.0273 10.0161 10.0042 9.99137 9.97765 9.96292 9.9471 9.93007 9.91171 9.89187 9.8704 9.84711 9.82175 9.70891 9.53691 9.3877 9.25866 9.14758 9.05256 8.97197 8.90437 8.84852 8.80337 8.76803 8.74175 8.72398 8.71425 8.71229 8.71791 8.73107 8.75187 8.78049 8.81724 8.86255 8.91694 8.98105 9.0556 9.14146 9.23955 9.35095 9.47684 9.61852 9.77746 9.95533 10.1541 10.376 10.5 
10.135 10.1331 10.1289 10.1244 10.1194 10.1141 10.1083 10.1021 10.0955 10.0884 10.0809 10.0728 10.0642 10.0551 10.0453 10.035 10.0239 10.0121 9.9994 9.98585 9.97131 9.95571 9.93892 9.92082 9.90128 9.88014 9.85719 9.83218 9.72065 9.55088 9.4037 9.27638 9.16671 9.07281 8.99308 8.92611 8.87071 8.82585 8.79066 8.76442 8.74658 8.73671 8.73451 8.73983 8.75262 8.77298 8.8011 8.83728 8.88195 8.93562 8.99892 9.07257 9.1574 9.25435 9.36444 9.48883 9.6288 9.7858 9.96149 10.1578 10.3772 10.5 
10.1439 10.142 10.1379 10.1333 10.1284 10.1231 10.1173 10.1112 10.1046 10.0975 10.0901 10.0821 10.0736 10.0645 10.0549 10.0447 10.0337 10.0221 10.0096 9.99626 9.98196 9.96662 9.95013 9.93237 9.91321 9.89249 9.87001 9.84551 9.73607 9.56966 9.42529 9.30025 9.19238 9.09989 9.02122 8.95504 8.90019 8.85568 8.82067 8.79448 8.77655 8.76648 8.76399 8.76892 8.78125 8.80105 8.82853 8.864 8.90786 8.96062 9.02291 9.09542 9.17898 9.27448 9.38293 9.50545 9.64327 9.79779 9.9706 10.1636 10.3793 10.5 
10.1548 10.1529 10.1487 10.1442 10.1393 10.134 10.1283 10.1222 10.1156 10.1087 10.1012 10.0933 10.0849 10.076 10.0665 10.0564 10.0457 10.0342 10.022 10.0089 9.99485 9.97983 9.9637 9.94634 9.92763 9.90743 9.88556 9.86176 9.7554 9.59359 9.45285 9.33063 9.22494 9.13412 9.05671 8.99146 8.93725 8.89315 8.85836 8.8322 8.81416 8.80384 8.80099 8.80545 8.8172 8.83633 8.86304 8.89762 8.9405 8.99217 9.05323 9.12438 9.20639 9.30017 9.40666 9.52694 9.66219 9.8137 9.98295 10.1717 10.3822 10.5 
10.1675 10.1657 10.1615 10.157 10.1521 10.1468 10.1412 10.1351 10.1286 10.1217 10.1144 10.1066 10.0983 10.0895 10.0802 10.0702 10.0597 10.0484 10.0365 10.0237 10.01 9.99531 9.97959 9.9627 9.94452 9.92493 9.90378 9.88088 9.77908 9.62325 9.4869 9.36797 9.26479 9.17588 9.09991 9.03571 8.98224 8.9386 8.90404 8.87791 8.85972 8.84911 8.84581 8.84971 8.86077 8.8791 8.90489 8.93844 8.98016 9.03053 9.09015 9.15969 9.23992 9.33168 9.4359 9.55359 9.68586 9.83388 9.99895 10.1825 10.3864 10.5 
10.1822 10.1803 10.1762 10.1717 10.1668 10.1616 10.156 10.15 10.1435 10.1367 10.1295 10.1218 10.1136 10.105 10.0958 10.0861 10.0758 10.0648 10.0531 10.0406 10.0273 10.013 9.99779 9.98141 9.96383 9.94492 9.92459 9.90277 9.80823 9.65957 9.52813 9.41285 9.31243 9.22563 9.15125 9.08822 9.03555 8.99242 8.95809 8.93198 8.91362 8.90264 8.89883 8.90206 8.91232 8.92971 8.95443 8.98677 9.02714 9.07602 9.13398 9.20168 9.27985 9.36932 9.47096 9.58574 9.71465 9.85877 10.0192 10.197 10.393 10.5 
10.1988 10.197 10.1928 10.1884 10.1835 10.1783 10.1727 10.1668 10.1604 10.1537 10.1465 10.139 10.131 10.1225 10.1135 10.104 10.0939 10.0832 10.0718 10.0597 10.0468 10.033 10.0183 10.0025 9.9855 9.96733 9.94785 9.92706 9.8376 9.6958 9.56958 9.45834 9.36109 9.27678 9.20433 9.14275 9.09114 9.0487 9.01478 8.98879 8.97031 8.959 8.95465 8.95716 8.96652 8.98285 9.00633 9.03728 9.07608 9.12321 9.17922 9.24476 9.32054 9.40735 9.50603 9.61747 9.7426 9.88238 10.0377 10.2094 10.3977 10.5 
10.2174 10.2155 10.2114 10.2069 10.2021 10.1969 10.1914 10.1855 10.1792 10.1726 10.1655 10.1581 10.1502 10.1419 10.1331 10.1239 10.1141 10.1037 10.0926 10.0809 10.0685 10.0552 10.041 10.0258 10.0095 9.99209 9.97347 9.95364 9.8683 9.73288 9.61193 9.50499 9.41124 9.32974 9.25952 9.19966 9.14933 9.10778 9.07439 9.04863 9.03008 9.01845 9.01354 9.01527 9.02364 9.03877 9.06086 9.09022 9.12722 9.17234 9.22612 9.28919 9.36225 9.44604 9.54137 9.64909 9.77006 9.90513 10.0551 10.2205 10.4017 10.5 
10.2378 10.2359 10.2318 10.2274 10.2226 10.2174 10.212 10.2061 10.1999 10.1934 10.1865 10.1791 10.1714 10.1633 10.1548 10.1458 10.1362 10.1262 10.1155 10.1042 10.0923 10.0795 10.0659 10.0513 10.0358 10.0192 10.0014 9.98247 9.90082 9.77143 9.65577 9.55333 9.46334 9.38494 9.31722 9.25934 9.21049 9.17 9.13727 9.11181 9.09325 9.0813 9.0758 9.07668 9.08396 9.09775 9.11828 9.14584 9.18082 9.22367 9.27494 9.33523 9.40523 9.48565 9.57728 9.68092 9.79738 9.92743 10.0718 10.231 10.4053 10.5 
10.2601 10.2582 10.2541 10.2497 10.245 10.2399 10.2344 10.2287 10.2226 10.2161 10.2093 10.2021 10.1946 10.1867 10.1784 10.1696 10.1604 10.1507 10.1405 10.1296 10.1182 10.106 10.093 10.0791 10.0644 10.0485 10.0316 10.0136 9.93542 9.8119 9.70157 9.60382 9.51785 9.44281 9.37786 9.32217 9.27502 9.23573 9.20378 9.1787 9.16015 9.14789 9.14175 9.1417 9.14777 9.1601 9.17889 9.20445 9.23716 9.27748 9.32595 9.38315 9.44976 9.52648 9.61406 9.71326 9.82488 9.94964 10.0882 10.2412 10.4088 10.5 
10.2843 10.2825 10.2784 10.274 10.2692 10.2642 10.2588 10.2531 10.2471 10.2407 10.234 10.227 10.2197 10.212 10.2039 10.1954 10.1865 10.1772 10.1674 10.1571 10.1461 10.1345 10.1222 10.1091 10.0951 10.0801 10.0641 10.0469 9.97226 9.85463 9.74977 9.6569 9.5752 9.5038 9.44186 9.38859 9.3433 9.30537 9.27429 9.24966 9.23115 9.21855 9.21173 9.21067 9.21541 9.22611 9.24298 9.26632 9.29653 9.33406 9.37944 9.43324 9.49613 9.5688 9.65198 9.74642 9.85287 9.97206 10.1047 10.2512 10.4122 10.5 
10.3104 10.3086 10.3045 10.3001 10.2954 10.2904 10.2851 10.2794 10.2735 10.2672 10.2607 10.2538 10.2466 10.2392 10.2313 10.2232 10.2146 10.2057 10.1963 10.1865 10.1761 10.1652 10.1536 10.1413 10.1281 10.114 10.0989 10.0826 10.0115 9.8999 9.80071 9.713 9.63585 9.56835 9.50966 9.45903 9.41577 9.37933 9.34922 9.32507 9.30661 9.29365 9.28609 9.28392 9.28721 9.29612 9.31088 9.3318 9.35926 9.39372 9.4357 9.48579 9.54463 9.6129 9.69133 9.78066 9.88163 9.99497 10.1214 10.2614 10.4156 10.5 
10.3384 10.3366 10.3325 10.3282 10.3235 10.3185 10.3132 10.3076 10.3018 10.2956 10.2892 10.2825 10.2755 10.2682 10.2607 10.2528 10.2446 10.2361 10.2272 10.2179 10.2082 10.1979 10.1871 10.1755 10.1633 10.1501 10.1359 10.1206 10.0532 9.94795 9.85477 9.77253 9.70024 9.63692 9.58174 9.53394 9.49289 9.45804 9.42897 9.40535 9.38694 9.37358 9.3652 9.36182 9.36353 9.37048 9.38293 9.40119 9.42566 9.45677 9.49506 9.54111 9.59556 9.65908 9.73241 9.81627 9.91142 10.0186 10.1385 10.2718 10.4191 10.5 
10.3683 10.3665 10.3624 10.3581 10.3534 10.3485 10.3432 10.3377 10.3319 10.3259 10.3196 10.313 10.3062 10.2992 10.2919 10.2843 10.2765 10.2684 10.26 10.2513 10.2421 10.2326 10.2226 10.2119 10.2006 10.1884 10.1753 10.161 10.0975 9.99904 9.91227 9.83591 9.76882 9.71 9.65858 9.61382 9.57512 9.54197 9.51401 9.49094 9.47256 9.45875 9.44947 9.44476 9.44473 9.44955 9.45949 9.47486 9.49606 9.52354 9.55783 9.59951 9.64922 9.70763 9.77548 9.85351 9.94249 10.0432 10.1563 10.2826 10.4227 10.5 
10.4001 10.3982 10.3942 10.3899 10.3852 10.3803 10.3751 10.3696 10.3639 10.358 10.3518 10.3454 10.3388 10.332 10.3249 10.3177 10.3102 10.3026 10.2947 10.2865 10.2781 10.2693 10.2601 10.2504 10.24 10.2289 10.2169 10.2037 10.1445 10.0534 9.97358 9.90356 9.84209 9.7881 9.7407 9.69917 9.66295 9.6316 9.60479 9.58227 9.56389 9.54956 9.53929 9.53313 9.5312 9.53371 9.54093 9.55317 9.57083 9.59438 9.62435 9.66131 9.70592 9.75885 9.82084 9.89265 9.97507 10.0689 10.1749 10.2938 10.4265 10.5 
10.4337 10.4319 10.4279 10.4235 10.4189 10.414 10.4088 10.4034 10.3978 10.3919 10.3859 10.3796 10.3732 10.3666 10.3598 10.3529 10.3458 10.3386 10.3312 10.3236 10.3159 10.3079 10.2996 10.2908 10.2816 10.2716 10.2608 10.2488 10.1943 10.1113 10.0391 9.97596 9.92056 9.87175 9.82863 9.79053 9.75692 9.72744 9.7018 9.67981 9.66138 9.64647 9.63509 9.62733 9.62335 9.62335 9.62761 9.63647 9.65033 9.66964 9.69495 9.72685 9.76597 9.81302 9.86875 9.93394 10.0094 10.0959 10.1944 10.3056 10.4304 10.5 
10.4693 10.4674 10.4634 10.4591 10.4544 10.4495 10.4444 10.439 10.4335 10.4277 10.4217 10.4156 10.4093 10.403 10.3965 10.3898 10.3831 10.3764 10.3695 10.3626 10.3555 10.3483 10.341 10.3333 10.3252 10.3165 10.307 10.2963 10.2471 10.1731 10.1092 10.0536 10.0048 9.96154 9.92297 9.88846 9.85757 9.82999 9.80553 9.78405 9.76551 9.7499 9.73729 9.7278 9.72158 9.71887 9.71995 9.72516 9.73492 9.74968 9.77 9.79645 9.8297 9.87047 9.91951 9.97763 10.0457 10.1245 10.215 10.3181 10.4346 10.5 
10.5067 10.5048 10.5008 10.4964 10.4918 10.4869 10.4818 10.4765 10.4709 10.4652 10.4594 10.4534 10.4473 10.4411 10.4349 10.4286 10.4223 10.4159 10.4096 10.4032 10.3969 10.3906 10.3842 10.3777 10.3708 10.3636 10.3555 10.3463 10.303 10.239 10.1845 10.1372 10.0955 10.0581 10.0243 9.99356 9.96546 9.93982 9.9165 9.89547 9.87673 9.86033 9.84635 9.83496 9.82632 9.82068 9.81834 9.81964 9.82499 9.83488 9.84984 9.87047 9.89744 9.93149 9.97339 10.024 10.0841 10.1548 10.2368 10.3312 10.439 10.5 
10.5459 10.5441 10.54 10.5357 10.5311 10.5262 10.5211 10.5157 10.5102 10.5046 10.4988 10.493 10.487 10.481 10.475 10.469 10.4631 10.4572 10.4513 10.4456 10.4401 10.4346 10.4292 10.4239 10.4184 10.4127 10.4063 10.3988 10.3622 10.3097 10.2655 10.2273 10.1933 10.1622 10.1334 10.1065 10.0812 10.0575 10.0352 10.0146 9.99554 9.97821 9.96272 9.94924 9.93799 9.9292 9.92319 9.9203 9.92095 9.92562 9.93485 9.94927 9.96953 9.9964 10.0307 10.0732 10.125 10.1869 10.26 10.3452 10.4436 10.5 
10.5871 10.5852 10.5812 10.5768 10.5722 10.5672 10.5621 10.5568 10.5513 10.5457 10.54 10.5343 10.5285 10.5227 10.5169 10.5112 10.5056 10.5001 10.4948 10.4897 10.4848 10.4803 10.476 10.4719 10.4679 10.4638 10.4593 10.4538 10.425 10.3855 10.3531 10.3248 10.299 10.2746 10.2509 10.2279 10.2054 10.1835 10.1623 10.1419 10.1224 10.104 10.0868 10.0711 10.057 10.0449 10.0349 10.0276 10.0232 10.0223 10.0254 10.0332 10.0463 10.0655 10.0917 10.1257 10.1685 10.2211 10.2846 10.3601 10.4486 10.5 
10.6301 10.6283 10.6242 10.6198 10.6151 10.6101 10.605 10.5996 10.5942 10.5886 10.583 10.5773 10.5716 10.566 10.5604 10.555 10.5497 10.5446 10.5398 10.5353 10.5311 10.5275 10.5243 10.5215 10.5191 10.517 10.5146 10.5114 10.4917 10.4673 10.4481 10.4308 10.4137 10.3961 10.3776 10.3585 10.3387 10.3185 10.2982 10.2779 10.2578 10.2382 10.2192 10.201 10.1839 10.1681 10.154 10.1418 10.1321 10.1253 10.122 10.1227 10.1282 10.1392 10.1567 10.1816 10.2148 10.2576 10.3109 10.3759 10.4539 10.5 
10.6751 10.6732 10.6691 10.6647 10.6599 10.6548 10.6496 10.6443 10.6388 10.6332 10.6277 10.6221 10.6165 10.611 10.6056 10.6004 10.5954 10.5907 10.5863 10.5824 10.579 10.5761 10.574 10.5726 10.572 10.5719 10.572 10.5715 10.5628 10.5561 10.5518 10.5463 10.5384 10.5277 10.5144 10.4989 10.4817 10.4631 10.4435 10.4231 10.4023 10.3813 10.3602 10.3394 10.319 10.2994 10.2808 10.2636 10.2482 10.2351 10.2248 10.218 10.2154 10.2178 10.2261 10.2412 10.2643 10.2964 10.3389 10.3928 10.4596 10.5 
10.7219 10.7201 10.7159 10.7114 10.7065 10.7014 10.6961 10.6906 10.6851 10.6796 10.674 10.6685 10.663 10.6577 10.6524 10.6474 10.6427 10.6383 10.6343 10.6309 10.6281 10.6262 10.6251 10.6251 10.6262 10.6284 10.6314 10.6342 10.6391 10.6536 10.6659 10.673 10.6743 10.6704 10.662 10.65 10.6351 10.6178 10.5987 10.5781 10.5563 10.5336 10.5104 10.4867 10.4628 10.4391 10.4158 10.3932 10.3718 10.3521 10.3345 10.3197 10.3085 10.3017 10.3001 10.3049 10.3171 10.338 10.3688 10.4109 10.4656 10.5 
10.7708 10.7689 10.7647 10.7599 10.7549 10.7497 10.7443 10.7388 10.7332 10.7277 10.7221 10.7166 10.7112 10.7059 10.7008 10.696 10.6915 10.6874 10.6838 10.6808 10.6786 10.6774 10.6773 10.6787 10.6816 10.6863 10.6925 10.6995 10.722 10.762 10.7926 10.8125 10.8228 10.8253 10.8214 10.8124 10.7995 10.7832 10.7643 10.7432 10.7203 10.6958 10.6701 10.6433 10.6158 10.5878 10.5595 10.5312 10.5035 10.4767 10.4514 10.4282 10.4078 10.3912 10.3792 10.3729 10.3735 10.3824 10.4008 10.4302 10.4721 10.5 
10.8216 10.8198 10.8153 10.8104 10.8052 10.7997 10.7942 10.7886 10.783 10.7774 10.7719 10.7664 10.761 10.7558 10.7508 10.7461 10.7418 10.7379 10.7346 10.732 10.7303 10.7297 10.7305 10.7331 10.7378 10.745 10.755 10.7672 10.8146 10.8851 10.935 10.9671 10.9855 10.9934 10.9933 10.9869 10.9754 10.9598 10.9409 10.919 10.8947 10.8682 10.8398 10.8098 10.7784 10.7458 10.7122 10.6781 10.6436 10.6094 10.5759 10.5438 10.5137 10.4867 10.4636 10.4456 10.4339 10.4299 10.435 10.4508 10.479 10.5 
10.8746 10.8727 10.868 10.8627 10.8572 10.8516 10.8459 10.8402 10.8345 10.8288 10.8233 10.8178 10.8124 10.8072 10.8023 10.7977 10.7935 10.7898 10.7867 10.7844 10.7831 10.783 10.7845 10.7881 10.7943 10.8039 10.818 10.837 10.9237 11.0291 11.0966 11.1388 11.1636 11.1758 11.1785 11.1739 11.1634 11.1481 11.1288 11.1059 11.0799 11.0512 11.02 10.9866 10.951 10.9136 10.8745 10.8341 10.7927 10.7507 10.7086 10.667 10.6268 10.5887 10.5538 10.5233 10.4984 10.4807 10.4716 10.4729 10.4864 10.5 
10.9298 10.928 10.9226 10.9168 10.911 10.9051 10.8993 10.8934 10.8877 10.8819 10.8763 10.8708 10.8654 10.8603 10.8554 10.8508 10.8467 10.843 10.8401 10.8379 10.8369 10.8371 10.8391 10.8434 10.8507 10.8623 10.8801 10.9072 11.0675 11.2029 11.2815 11.3297 11.3583 11.3731 11.3776 11.374 11.364 11.3485 11.3284 11.3042 11.2765 11.2453 11.2111 11.174 11.1341 11.0917 11.0469 11 10.9512 10.9011 10.8499 10.7984 10.7474 10.6976 10.6502 10.6063 10.5675 10.5351 10.5109 10.4966 10.4943 10.5 
11.1377 11.1271 11.1168 11.109 11.1019 11.0952 11.0887 11.0824 11.0763 11.0703 11.0644 11.0588 11.0533 11.0481 11.0432 11.0386 11.0345 11.031 11.0282 11.0262 11.0255 11.0262 11.0288 11.0341 11.043 11.0576 11.0825 11.1327 11.2982 11.4166 11.4925 11.5409 11.5704 11.586 11.591 11.5877 11.5774 11.5613 11.5401 11.5144 11.4846 11.4508 11.4134 11.3725 11.3281 11.2805 11.2298 11.1761 11.1197 11.061 11.0004 10.9385 10.876 10.8139 10.7532 10.6952 10.6414 10.5933 10.5529 10.522 10.5028 10.5 
11.4793 11.4688 11.4549 11.4443 11.4353 11.4272 11.4197 11.4126 11.4059 11.3994 11.3932 11.3872 11.3816 11.3762 11.3712 11.3666 11.3625 11.3591 11.3564 11.3548 11.3543 11.3556 11.359 11.3653 11.376 11.3934 11.4223 11.473 11.5721 11.6628 11.7281 11.7722 11.7998 11.8145 11.8189 11.815 11.804 11.7868 11.7643 11.7368 11.7047 11.6681 11.6274 11.5825 11.5335 11.4805 11.4236 11.3629 11.2986 11.231 11.1605 11.0877 11.0132 10.9381 10.8633 10.7903 10.7205 10.6558 10.598 10.5493 10.5119 10.5 
11.8242 11.814 11.7983 11.7858 11.7753 11.766 11.7576 11.7498 11.7424 11.7355 11.7289 11.7227 11.7168 11.7113 11.7061 11.7015 11.6974 11.694 11.6914 11.6898 11.6896 11.691 11.6947 11.7015 11.7127 11.7304 11.758 11.8002 11.8652 11.9322 11.9848 12.0221 12.046 12.0585 12.0614 12.0561 12.0438 12.0253 12.0011 11.9715 11.937 11.8975 11.8533 11.8043 11.7506 11.6921 11.6288 11.5609 11.4884 11.4116 11.3309 11.2466 11.1596 11.0707 10.9811 10.8921 10.8054 10.7228 10.6464 10.5786 10.5217 10.5 
12.1736 12.1635 12.147 12.1333 12.1217 12.1114 12.1021 12.0937 12.0858 12.0784 12.0715 12.065 12.0589 12.0532 12.0479 12.0432 12.039 12.0355 12.0329 12.0313 12.031 12.0324 12.036 12.0426 12.0532 12.0694 12.0931 12.1259 12.1704 12.219 12.2595 12.2892 12.3082 12.3175 12.3181 12.3111 12.2971 12.2768 12.2506 12.2189 12.1818 12.1393 12.0916 12.0384 11.9798 11.9157 11.846 11.7707 11.6898 11.6035 11.5121 11.4159 11.3158 11.2124 11.1071 11.0012 10.8964 10.7947 10.6984 10.61 10.5322 10.5 
12.5279 12.518 12.5011 12.4866 12.4741 12.4631 12.4532 12.4441 12.4358 12.428 12.4208 12.414 12.4077 12.4018 12.3964 12.3915 12.3872 12.3836 12.3808 12.3791 12.3786 12.3797 12.3829 12.3887 12.3979 12.4116 12.4306 12.455 12.4855 12.5199 12.5496 12.5718 12.5856 12.5912 12.589 12.5797 12.5637 12.5414 12.5131 12.4791 12.4393 12.3938 12.3424 12.2851 12.2216 12.1518 12.0756 11.9927 11.9033 11.8072 11.7047 11.5963 11.4823 11.3639 11.2419 11.118 10.994 10.8719 10.7543 10.6439 10.5435 10.5 
12.8874 12.8776 12.8606 12.8457 12.8326 12.821 12.8106 12.801 12.7923 12.7842 12.7766 12.7696 12.763 12.757 12.7514 12.7463 12.7419 12.7381 12.7351 12.7331 12.7323 12.7329 12.7353 12.74 12.7474 12.7581 12.7723 12.7896 12.8098 12.8331 12.8536 12.8687 12.8772 12.8789 12.8736 12.8618 12.8435 12.8191 12.7887 12.7522 12.7097 12.6611 12.6061 12.5446 12.4763 12.4008 12.318 12.2276 12.1294 12.0233 11.9096 11.7883 11.6601 11.5257 11.3863 11.2434 11.0989 10.955 10.8145 10.6803 10.5558 10.5 
13.2522 13.2426 13.2255 13.2104 13.197 13.1849 13.1741 13.1642 13.1551 13.1467 13.1389 13.1316 13.1248 13.1186 13.1129 13.1076 13.103 13.099 13.0957 13.0934 13.0921 13.092 13.0935 13.0967 13.1021 13.1097 13.1196 13.1308 13.1429 13.1574 13.1701 13.1788 13.1823 13.18 13.1717 13.1572 13.1366 13.1099 13.0772 13.0384 12.9932 12.9415 12.883 12.8174 12.7442 12.6632 12.5738 12.4757 12.3687 12.2526 12.1272 11.9928 11.8497 11.6988 11.541 11.378 11.2117 11.0445 10.8794 10.7197 10.5689 10.5 
13.6223 13.6129 13.5959 13.5807 13.5671 13.5547 13.5436 13.5334 13.524 13.5154 13.5074 13.4999 13.493 13.4866 13.4806 13.4752 13.4704 13.4661 13.4626 13.4598 13.4579 13.4571 13.4574 13.4592 13.4624 13.4671 13.473 13.4792 13.4848 13.4921 13.4982 13.5013 13.5002 13.4942 13.4827 13.4655 13.4426 13.4138 13.3788 13.3376 13.2898 13.2352 13.1732 13.1036 13.0258 12.9392 12.8434 12.7378 12.622 12.4956 12.3585 12.2106 12.0522 11.884 11.7069 11.5226 11.3331 11.141 10.9495 10.7622 10.5832 10.5 
13.9978 13.9885 13.9718 13.9566 13.9428 13.9303 13.9189 13.9085 13.899 13.8901 13.8819 13.8743 13.8673 13.8607 13.8546 13.849 13.844 13.8394 13.8355 13.8323 13.8298 13.8281 13.8274 13.8276 13.8288 13.8308 13.8331 13.835 13.8354 13.8367 13.8373 13.8356 13.8303 13.8207 13.8063 13.7867 13.7614 13.7304 13.6934 13.6499 13.5996 13.5422 13.477 13.4036 13.3212 13.2294 13.1273 13.0143 12.8898 12.7532 12.6042 12.4426 12.2684 12.0822 11.885 11.6783 11.4641 11.2453 11.0253 10.8083 10.5987 10.5 
14.3785 14.3695 14.3529 14.3378 14.324 14.3115 14.3 14.2894 14.2798 14.2708 14.2625 14.2548 14.2476 14.2409 14.2346 14.2289 14.2236 14.2188 14.2145 14.2108 14.2077 14.2052 14.2033 14.2021 14.2013 14.2008 14.2001 14.1985 14.1945 14.191 14.187 14.181 14.1721 14.1593 14.1422 14.1202 14.0929 14.0599 14.0208 13.9752 13.9227 13.8626 13.7945 13.7175 13.6309 13.534 13.4259 13.3057 13.1727 13.0261 12.8652 12.6896 12.4994 12.2947 12.0764 11.846 11.6056 11.3582 11.1076 10.8583 10.6155 10.5 
14.7645 14.7556 14.7393 14.7243 14.7106 14.6981 14.6865 14.676 14.6662 14.6572 14.6488 14.641 14.6337 14.6269 14.6205 14.6146 14.6091 14.6041 14.5995 14.5953 14.5915 14.5882 14.5853 14.5827 14.5802 14.5775 14.5742 14.5696 14.5621 14.5546 14.5467 14.5372 14.525 14.5095 14.49 14.4659 14.4366 14.4018 14.361 14.3135 14.259 14.1966 14.1257 14.0455 13.9551 13.8535 13.7397 13.6128 13.4715 13.315 13.1424 12.9529 12.7463 12.5226 12.2824 12.0271 11.7588 11.4808 11.1971 10.9129 10.6338 10.5 
15.1555 15.1468 15.1308 15.116 15.1024 15.0899 15.0785 15.0679 15.0581 15.0491 15.0407 15.0328 15.0255 15.0186 15.0122 15.0061 15.0005 14.9952 14.9902 14.9856 14.9813 14.9772 14.9733 14.9695 14.9654 14.9609 14.9555 14.9484 14.938 14.9273 14.9161 14.9036 14.8888 14.8709 14.8493 14.8233 14.7924 14.7561 14.7137 14.6647 14.6084 14.5441 14.4708 14.3878 14.294 14.1882 14.0692 13.9359 13.7868 13.6209 13.4367 13.2335 13.0104 12.7673 12.5044 12.223 11.9252 11.6143 11.2949 10.9725 10.6538 10.5 
15.5514 15.5429 15.5272 15.5127 15.4993 15.4869 15.4755 15.465 15.4553 15.4463 15.4379 15.4301 15.4228 15.4159 15.4094 15.4032 15.3974 15.3919 15.3867 15.3817 15.3768 15.3721 15.3673 15.3624 15.3571 15.351 15.3437 15.3347 15.322 15.3086 15.2949 15.28 15.2629 15.2431 15.2198 15.1923 15.16 15.1224 15.0788 15.0286 14.9709 14.905 14.8299 14.7445 14.6477 14.5383 14.4147 14.2756 14.1194 13.9445 13.7494 13.5326 13.2931 13.0303 12.7441 12.4354 12.1063 11.7602 11.4019 11.038 10.6759 10.5 
15.9521 15.9438 15.9284 15.9142 15.901 15.8888 15.8776 15.8672 15.8576 15.8487 15.8404 15.8326 15.8253 15.8184 15.8119 15.8057 15.7998 15.7942 15.7887 15.7833 15.7781 15.7727 15.7673 15.7614 15.755 15.7476 15.7389 15.7283 15.7139 15.6985 15.6827 15.6658 15.6471 15.6257 15.601 15.5723 15.539 15.5005 15.4561 15.405 15.3463 15.2793 15.2027 15.1156 15.0165 14.9041 14.7767 14.6326 14.4699 14.2868 14.0813 13.8516 13.596 13.3134 13.0034 12.6663 12.3041 11.9202 11.5198 11.1102 10.7002 10.5 
16.3574 16.3493 16.3342 16.3203 16.3074 16.2954 16.2844 16.2742 16.2648 16.256 16.2478 16.2402 16.2329 16.2261 16.2196 16.2134 16.2075 16.2017 16.1961 16.1905 16.1848 16.179 16.173 16.1664 16.1591 16.1507 16.1409 16.1291 16.1133 16.0964 16.0792 16.0608 16.0408 16.0182 15.9925 15.9631 15.9291 15.8901 15.8452 15.7936 15.7344 15.6668 15.5894 15.5011 15.4004 15.2858 15.1553 15.0072 14.839 14.6487 14.4338 14.1919 13.9208 13.6187 13.2845 12.9181 12.5209 12.0964 11.6502 11.1904 10.7273 10.5 
16.767 16.7591 16.7444 16.7308 16.7182 16.7065 16.6958 16.6858 16.6766 16.668 16.66 16.6525 16.6454 16.6387 16.6323 16.6262 16.6202 16.6144 16.6086 16.6028 16.5969 16.5908 16.5843 16.5772 16.5692 16.5601 16.5495 16.5369 16.5202 16.5022 16.4839 16.4646 16.4436 16.4203 16.394 16.3641 16.3299 16.2907 16.2458 16.1942 16.135 16.0673 15.9897 15.9009 15.7995 15.6835 15.551 15.3998 15.2274 15.031 14.8079 14.5549 14.2693 13.9483 13.59 13.1935 12.7597 12.2917 11.7954 11.28 10.7576 10.5 
17.1807 17.173 17.1587 17.1455 17.1332 17.1219 17.1114 17.1018 17.0928 17.0845 17.0767 17.0694 17.0625 17.056 17.0497 17.0436 17.0377 17.0319 17.0261 17.0203 17.0142 17.0078 17.001 16.9935 16.9851 16.9755 16.9644 16.9512 16.9341 16.9155 16.8965 16.8766 16.8552 16.8315 16.8051 16.7751 16.741 16.7021 16.6575 16.6063 16.5477 16.4805 16.4034 16.315 16.2136 16.0973 15.9639 15.8109 15.6356 15.4347 15.2049 14.9424 14.6435 14.3046 13.9227 13.4958 13.0238 12.5092 11.9581 11.3809 10.7918 10.5 
17.5983 17.5908 17.5769 17.5641 17.5522 17.5412 17.5312 17.5218 17.5132 17.5052 17.4977 17.4906 17.484 17.4776 17.4715 17.4656 17.4599 17.4541 17.4484 17.4425 17.4364 17.4299 17.4229 17.4152 17.4066 17.3967 17.3853 17.372 17.3546 17.3358 17.3167 17.2966 17.275 17.2514 17.2251 17.1955 17.1619 17.1236 17.0798 17.0297 16.9721 16.9061 16.8302 16.743 16.6426 16.5271 16.3941 16.2408 16.0641 15.8605 15.6259 15.3558 15.0457 14.6906 14.2862 13.829 13.3175 12.7532 12.1421 11.4956 10.8308 10.5 
18.0195 18.0122 17.9987 17.9863 17.9749 17.9643 17.9547 17.9457 17.9375 17.9298 17.9226 17.9159 17.9095 17.9034 17.8976 17.8919 17.8863 17.8807 17.8751 17.8693 17.8632 17.8568 17.8498 17.842 17.8333 17.8234 17.812 17.7987 17.7816 17.7629 17.7439 17.724 17.7027 17.6795 17.6537 17.6248 17.5921 17.5549 17.5124 17.4637 17.4079 17.3436 17.2697 17.1846 17.0863 16.9728 16.8415 16.6895 16.5134 16.3091 16.072 15.797 15.4781 15.1092 14.6842 14.1976 13.6459 13.0289 12.3519 11.6274 10.8758 10.5 
18.444 18.4369 18.4239 18.4119 18.4009 18.3909 18.3817 18.3732 18.3654 18.3581 18.3513 18.345 18.3389 18.3332 18.3276 18.3222 18.3168 18.3114 18.306 18.3004 18.2944 18.2881 18.2812 18.2736 18.265 18.2553 18.2441 18.2311 18.2144 18.1962 18.1777 18.1583 18.1377 18.1152 18.0903 18.0625 18.0311 17.9954 17.9546 17.908 17.8544 17.7927 17.7215 17.6393 17.5443 17.434 17.306 17.1572 16.9837 16.7812 16.5444 16.2673 15.943 15.5636 15.1209 14.607 14.0154 13.3432 12.594 11.781 10.9285 10.5 
18.8715 18.8646 18.8521 18.8406 18.8301 18.8206 18.8119 18.8039 18.7966 18.7898 18.7835 18.7775 18.7718 18.7664 18.7612 18.7561 18.7511 18.746 18.7408 18.7354 18.7297 18.7236 18.717 18.7096 18.7014 18.692 18.6812 18.6688 18.6528 18.6354 18.6177 18.5992 18.5794 18.558 18.5344 18.508 18.4782 18.4445 18.4059 18.3618 18.311 18.2526 18.185 18.1068 18.016 17.9104 17.7873 17.6435 17.4749 17.2769 17.0437 16.7684 16.4428 16.0573 15.6013 15.0636 14.4338 13.7047 12.8768 11.9625 10.9914 10.5 
19.3017 19.295 19.2829 19.272 19.2621 19.2532 19.245 19.2376 19.2308 19.2246 19.2187 19.2132 19.208 19.203 19.1982 19.1935 19.1888 19.184 19.1792 19.1741 19.1688 19.163 19.1568 19.1498 19.142 19.1331 19.1229 19.1113 19.0963 19.08 19.0633 19.0459 19.0274 19.0074 18.9853 18.9607 18.933 18.9015 18.8656 18.8245 18.7772 18.7226 18.6595 18.5861 18.5009 18.4013 18.2849 18.1481 17.987 17.7966 17.5705 17.3013 16.9795 16.5937 16.1306 15.5748 14.9107 14.1249 13.2118 12.1814 11.0679 10.5 
19.7342 19.7277 19.7162 19.7058 19.6966 19.6883 19.6808 19.674 19.6678 19.6621 19.6568 19.6518 19.6471 19.6426 19.6382 19.6339 19.6296 19.6253 19.6208 19.6162 19.6112 19.6059 19.6001 19.5937 19.5864 19.5782 19.5689 19.5581 19.5444 19.5294 19.514 19.4981 19.4811 19.4627 19.4424 19.4199 19.3946 19.3658 19.333 19.2954 19.2522 19.2021 19.1441 19.0767 18.9981 18.906 18.7979 18.6704 18.5194 18.3397 18.125 17.8669 17.5549 17.1761 16.7139 16.1485 15.4575 14.6184 13.6153 12.451 11.1637 10.5 
20.1686 20.1624 20.1514 20.1417 20.1332 20.1256 20.1189 20.1128 20.1072 20.1022 20.0974 20.093 20.0888 20.0848 20.0809 20.077 20.0732 20.0693 20.0654 20.0612 20.0568 20.052 20.0467 20.0409 20.0344 20.027 20.0186 20.0089 19.9966 19.9831 19.9694 19.955 19.9398 19.9233 19.9052 19.885 19.8624 19.8367 19.8074 19.7738 19.735 19.6902 19.6382 19.5775 19.5067 19.4234 19.3254 19.2093 19.0711 18.9057 18.7066 18.4652 18.1702 17.8071 17.3565 16.7937 16.088 15.2043 14.1101 12.7926 11.2881 10.5 
20.6046 20.5986 20.5882 20.5793 20.5715 20.5648 20.5589 20.5536 20.5487 20.5443 20.5402 20.5364 20.5328 20.5293 20.5259 20.5226 20.5193 20.5159 20.5125 20.5088 20.5049 20.5008 20.4962 20.4911 20.4854 20.4789 20.4716 20.4631 20.4525 20.4407 20.4287 20.4162 20.4029 20.3886 20.3728 20.3553 20.3356 20.3133 20.2879 20.2586 20.2249 20.1859 20.1405 20.0876 20.0255 19.9525 19.8662 19.7636 19.6409 19.4934 19.3144 19.0956 18.8255 18.4883 18.0626 17.5189 16.8174 15.9067 14.729 13.2396 11.4578 10.5 
21.0417 21.0359 21.0262 21.0182 21.0114 21.0056 21.0005 20.9961 20.992 20.9883 20.9849 20.9817 20.9787 20.9758 20.973 20.9702 20.9675 20.9646 20.9617 20.9587 20.9554 20.9519 20.9481 20.9438 20.939 20.9336 20.9274 20.9203 20.9114 20.9015 20.8915 20.881 20.8699 20.8579 20.8447 20.83 20.8136 20.7949 20.7736 20.7492 20.721 20.6883 20.6502 20.6057 20.5534 20.4918 20.4188 20.3317 20.2272 20.1008 19.9466 19.7565 19.5195 19.2198 18.8348 18.3316 17.6616 16.7551 15.518 13.8475 11.7056 10.5 
21.4793 21.4737 21.4649 21.458 21.4523 21.4476 21.4435 21.4399 21.4367 21.4338 21.4311 21.4286 21.4262 21.4239 21.4217 21.4195 21.4173 21.4151 21.4128 21.4104 21.4078 21.405 21.402 21.3986 21.3947 21.3904 21.3855 21.3799 21.3728 21.365 21.3571 21.3488 21.34 21.3305 21.32 21.3084 21.2954 21.2806 21.2638 21.2444 21.222 21.1961 21.1659 21.1305 21.0889 21.0398 20.9814 20.9116 20.8276 20.7255 20.6003 20.445 20.2495 19.9994 19.6727 19.2357 18.6346 17.7826 16.541 14.7107 12.1029 10.5 
21.917 21.9116 21.904 21.8984 21.8941 21.8905 21.8875 21.8849 21.8826 21.8805 21.8785 21.8767 21.875 21.8733 21.8717 21.8701 21.8686 21.8669 21.8653 21.8635 21.8617 21.8596 21.8574 21.8549 21.8522 21.8491 21.8455 21.8414 21.8363 21.8307 21.8249 21.8189 21.8125 21.8056 21.7981 21.7897 21.7802 21.7695 21.7573 21.7433 21.7271 21.7083 21.6864 21.6607 21.6305 21.5948 21.5522 21.5012 21.4396 21.3646 21.2722 21.1569 21.0107 20.8217 20.5713 20.2292 19.7434 19.0195 17.8796 15.9902 12.8234 10.5 
22.3539 22.3488 22.3429 22.3391 22.3363 22.3341 22.3322 22.3306 22.3292 22.3279 22.3268 22.3257 22.3246 22.3236 22.3227 22.3217 22.3207 22.3198 22.3188 22.3177 22.3166 22.3153 22.314 22.3125 22.3108 22.3089 22.3068 22.3043 22.3012 22.2978 22.2943 22.2907 22.2868 22.2826 22.2781 22.273 22.2673 22.2608 22.2534 22.2449 22.2351 22.2237 22.2104 22.1949 22.1765 22.1548 22.1289 22.0978 22.0602 22.0143 21.9576 21.8866 21.7961 21.6782 21.5202 21.3008 20.9803 20.4791 19.6179 17.9499 14.333 10.5 
22.789 22.7841 22.7812 22.7797 22.7787 22.778 22.7774 22.7768 22.7764 22.7759 22.7755 22.7752 22.7748 22.7745 22.7742 22.7738 22.7735 22.7732 22.7729 22.7725 22.7721 22.7717 22.7713 22.7708 22.7702 22.7696 22.7688 22.768 22.767 22.7658 22.7647 22.7634 22.7621 22.7608 22.7592 22.7575 22.7556 22.7534 22.751 22.7481 22.7448 22.741 22.7366 22.7314 22.7252 22.7179 22.7092 22.6988 22.6861 22.6707 22.6516 22.6276 22.5969 22.5568 22.5028 22.4269 22.3142 22.1309 21.785 20.9437 17.9898 10.5 
23 23 23 23 23 23 23 23 23 23 23 23 23 23 23 23 23 23 23 23 23 23 23 23 23 23 23 23 23 23 23 23 23 23 23 23 23 23 23 23 23 23 23 23 23 23 23 23 23 23 23 23 23 23 23 23 23 23 23 23 23 23 
